15802779553
13886058455
15072338043
15927473859
13588293710
15102761677
13343433171
15071490151
13296566689
13396096623
15072469338
15071436307
13072752253
18986002374
18986022374
13545147526
13397113836
13808676388
02785020576
02765669951
13871312119
13317125468
15623952387
13487079799
13545293050
13986062693
15927400874
13163389066
15827019988
15997229927
18064118873
15377066996
13212726452
13647222355
15927189422
13476801719
15586653051
18071446927
13545204234
13542504234
18071740357
15102715537
18071147972
15002773342
15072124685
15972040107
18671344446
17683994656
13297059895
15827124007
13469976417
18707118492
15570695881
18571486098
15107166965
18819765493
17112710175
18672354179
13437151495
15623148816
17671438342
13092575529
17762420904
15102752605
15377074538
15671683157
15707249226
18571111449
15802729383
13016469859
15972120117
18772455103
18674042989
18272463380
17320501471
13545228712
17798269035
15927423438
13477013025
18571610263
13458193861
13260654511
15927085844
18827088790
15802774214
13554221561
13871225292
15391518564
13871204413
15172331660
13871556702
13437111312
15971411135
15927019112
15189800112
13995526559
13907138605
02792419741
13545342322
13507452420
17762528688
17762586885
15007140472
15002798890
15377676543
15827345234
13997559511
18771930269
18271933327
18086082331
18971644740
18086094855
15871444866
02786562077
13807153644
15623952387
13294111111
13871124376
15926465267
13387519515
18163326429
18120562327
13627206960
18207150333
2700043797
2749001085
13886038792
13720214871
17786395646
17786391424
18571661672
17786391646
17786391545
15171313654
18062401171
18727567172
13545911568
13349745143
13995604333
15623952387
13349833886
02791857291
17371069107
13638692669
15927083039
13387597127
17720512956
15002710361
13667258429
13207156304
18827648736
13971188872
02792579000
13667146217
18171488872
15335898872
18627703181
17362459176
15327345592
13971689488
13396070588
15871774677
13647220979
13807131677
13264743620
13296515370
13296531192
18971593558
15827167702
15623007275
13247126866
15927524555
17762505381
13554082121
15076238509
15549466219
13876543312
15623952387
13733402066
2728142748
13995505886
18971195773
15623952387
15102765937
02792885198
13554131513
18827402529
15032729737
15871689321
13971583625
18062587756
13329724849
13971446872
15072316033
15342356569
13237186606
15102786649
13677134444
15827222482
18171461782
15623082428
15717103842
18162314286
18154335762
18627752078
15972172840
18186668493
18062081025
2700010301
2700010199
13317101587
13317107851
13317107862
13507156932
15171287168
15377076159
15071059660
13035115277
13006384164
13986017733
15927257882
13060674219
13667116134
13545374000
13995566775
15717187943
18627019008
15002788593
18062544867
15972016588
13554112223
15271801127
13986275329
15972041221
18827035261
13797080815
15972101158
13429876005
13807155304
18871176860
13212718045
13469955137
13407165295
15878451244
15971414813
13871258049
13871210536
15889528662
13667201259
18871174020
18827677580
18907149678
13545082821
18271864424
13129996992
15071437385
18771137115
13545007819
18971219782
13397174112
17771444244
13667177052
18627808027
18771024938
13387542853
18971089381
18062125860
18086605860
13387540355
17712034050
18086615860
13545955299
15971979764
13593989110
13377858032
13871102103
13317138500
18986069197
13377858087
18827624237
15927269262
15327247363
15872406983
17671715258
15927866849
15071403725
18717104548
15994257301
18971393909
13277039339
15827047237
18986210967
15927322837
18995521792
13007147363
13554007533
13235557318
13871307682
15623233577
15902727906
15623952387
15071385335
18871863765
18707186255
13707146356
15307119180
13995699571
18807101781
18627855937
13971610899
15629025509
13429888824
02792255032
13807111053
13971149888
13476794012
13297999048
15927521714
13986222942
13385287548
18086478816
15827647137
13797179292
15771138783
15272751170
13396186093
13619552123
15802787655
15926346557
13971057912
13971019048
18942908640
17620532688
18008640508
15827101248
18871505468
15271577704
15072307627
18674005898
18186477139
18771977591
13657280611
15827119977
15802764609
15827228640
15072358066
18571664808
18771111273
13971340725
13517122658
18971232387
18171214600
15342333282
18162345177
02793153386
13469971640
13396048603
13720211013
13367278226
13207122231
15327366266
13367278236
13971397014
13971597763
13971660422
13720398881
13554691351
17771411117
17771850007
17771892227
18163529870
13554303199
13871158085
15071376111
18302706863
18108644060
15377532313
13720177992
18202714996
13886022990
15926260056
15926315565
13667167844
02793056350
13339995970
15971488492
15972197399
13419652578
18802737370
18807152320
13797059997
18086518682
13871303673
18207107078
13971131595
13995564448
18671960588
18672960588
17612761855
15072795775
18602746996
15098047412
15071219799
07139022854
13720122037
13871872489
18702728720
15972952224
13349876435
15102785022
13995234551
18871486487
15102716606
18171246606
13986235570
02793279021
15342265176
18827354696
15307147566
13986047233
13554107021
13986045533
13437140180
13476791150
13300195826
15172475955
15927109522
13476685321
15140133521
18186668997
18171015997
13437135092
02792618527
15997461808
13349980082
15072301007
13554318066
15071019855
18120596327
13247214314
18186206327
18120576327
18186209052
18120586327
15926838718
15856254521
18872209655
15072410258
15327454234
13986284760
17720567184
15827215583
15926409789
02792994648
17771814313
13554366555
13237125703
15391555210
13871532567
18971114242
18162357177
18171220272
13720204414
18986180203
13871366073
13907139698
15671669891
13908627299
13294113000
15207158758
18717133576
15827610116
15971487667
15271923179
15926472788
18608624838
18671765131
15171210686
13971188620
15623952387
13007178211
13554010391
15927107147
18155546720
13387655332
18702718952
18717192919
18771631111
18164022226
18607184023
13317159156
13986203891
15827281624
18602734678
13367133097
15997449912
13006159180
13545521200
15071177143
18963988317
15071356044
15377003656
13317109486
13986006476
15527050895
15342340917
15927120605
13871198070
15927532100
15972024968
15194334859
13568596581
18171099239
13307165281
13554135287
18271917720
15927690922
17771455531
13260572483
15377563201
13507122155
13207182781
13667107880
02700065221
15623952387
18872219291
13397160550
13397160330
17762433233
13071255913
18702722118
13397160551
15527700070
13545465389
07129071292
13789986201
13407135158
15107138081
13247110170
13886144905
15926415584
17762536521
13018092530
15071227224
18062791187
13247199317
13667294129
13545181547
13476190778
13886167856
13545260188
18827396956
18871219876
18606258468
13437163678
13667124076
13429857277
18402710165
15807144418
15827027226
15387076279
15623952387
18942905681
13476265681
15377658681
15337277531
15107123879
18995507717
13018033200
15207101487
18871467099
13545281100
18702795525
15827506154
2700064989
13297905059
13886172669
18674011989
13638698904
2788408157
13164629528
15623441118
13036188081
15072465222
18071445107
02793580021
13487071987
18571555526
13296618462
15335898036
13407171305
18707103383
13986148165
18827415931
15387128941
13971006631
13971285363
18827070464
13476099628
13307115427
13307114127
02792102953
13317180612
15623952387
13307113927
13971607488
15072278719
18771444435
13871688204
18120283921
15994243683
13163292969
18907111501
13986225598
18907111500
13419689868
15327361653
15827353392
18696355144
13296619311
15002735652
18095322294
13986215026
15827097487
15007157011
13554467269
13037127737
13294192546
13277926693
13886143815
18702782549
15972202771
15623014467
18271846928
07129770483
15327569829
15334087058
18327645684
15327569826
13871873335
13659869873
15623952387
13554302475
15342224607
15927148917
13720261008
02792381129
18707177599
13908636083
15527458600
13971102237
13971578438
15907179773
15623588821
15107124812
13971250456
17786139206
15629008013
13026158740
15228512541
17786531356
13026138657
13995558745
15071004504
15927695978
13659856788
15071407968
15071208025
15902701691
13407176535
13477017331
18871194400
18674001712
15872682809
13581376841
15872708685
15827218442
15171568177
13707173871
13971142430
15972006598
18086103680
13554218973
18140581811
15997488895
18171056082
15071081657
15387002178
18062155018
13507117079
02791229128
13367261837
18971265686
15071086798
13720216606
13707188101
15927666116
15387061975
15871771622
15107143675
15972427597
13114348245
17762389690
13554166613
07139966994
13871460441
15926223002
13871193427
13207198853
13871119871
13707188491
13871323889
13387517890
13545389369
13317123468
15927669008
15072311197
15071480799
13720174040
18827334019
13260579169
13476817303
13871814464
13545494420
18371222645
17771884483
15172365800
13971109565
13807127169
13707125466
15072430043
18871162186
13986064841
13317172588
15827166476
18702757018
13264821881
15926384612
15172508026
15972985583
15802742651
13871302481
13072723829
17819696887
15072635067
13971144824
13296502780
15071113261
02791652457
13476105551
13554128780
15971444040
18627113803
15907129557
15071075204
18672308139
18627115976
15072335554
13871272880
13596325630
02793521309
15342299777
02792168423
13986471127
18272104017
15727054771
13971123886
13476490465
13476265501
18907118888
13607166666
13971111160
15347117198
18971150788
15623952387
15807123479
13545000727
13871547572
13971681094
13607184632
13871599008
13871041448
15871466733
13628613662
13419696444
13720214034
13545181312
13277447488
13035357113
18872613756
15129827666
13872987389
13697393012
15802767580
18202719540
13638647540
15926293689
15827204697
18702736878
18071036887
15071326227
18872267113
15172226351
18607180099
18986012466
13995517001
15827463431
15927156197
15607111105
13886076829
13207116236
15902745731
13545911568
13545040223
18942931165
15717172465
18062012430
15272731868
15623604015
02793442682
13435696256
15623952387
15827359416
13995852503
13343415116
13145208871
15871829063
15827297655
02791056234
15972202220
13720235928
18171170003
13367207315
13886197392
15387093798
15927268168
02792985006
18971329109
18995629109
13554103998
13387563213
13886043109
18207115498
13587956410
15871373342
13638694863
15927242863
13986108105
13971032154
13477006039
18707123622
18871167028
15871688601
18807133844
18627786958
13593990942
15871821404
13035133789
13036136470
13907134548
15927139477
15527572775
15171507861
13720239681
15927666033
17771894255
15327211908
17786351151
18086068227
13627233238
13476866805
13667154966
15827441250
18707110914
18807190630
13307108121
15717176751
13018063162
15342233027
18827403202
13871187373
2700130034
18802775377
15377026755
13995579182
2778100291
18986016570
18007137479
13995545477
15907131445
18007137478
13607161445
13586973298
02700055498
02793123981
18986029616
15994253118
18086475007
15327248684
18171091129
13995606633
15392843630
15827489788
15827500551
13886161043
18871154262
18186663993
15527758110
17067837787
15107122381
15927268527
15827233664
13668493556
18871330200
13971335410
13476136520
15927437658
18702761133
18771104552
13886083601
15327216811
13135661675
13419660620
15002798171
13554191550
13986104063
13986145022
13720179250
13667175959
13638698660
13545381195
13872962599
13971237807
15107131055
18727359202
13387616857
13006372456
13507159779
17764031007
13871118332
15927261421
18771099565
15623952387
15907122690
13986238889
13986084709
15802793318
13297099342
13871443471
15072488807
18271403199
15071314280
13986111709
18827344534
18062138804
18907143325
13343488528
18942929976
18986123325
15994285333
18942920533
13886140793
13476808877
18772557183
15827131110
15972005328
13507181175
13986183574
13627246937
17786135022
13098823613
18702750187
13018060813
18702750181
15927267022
13554326620
15072345533
18571842981
18607104767
15717298200
17363365890
18207146018
13554209211
18694063406
15271911059
13476091397
13971527448
15926321278
18871152627
18318162490
13871130263
02791288430
18086010777
17771781881
15337137699
18062010373
15871756802
15871756803
18071118005
18086055985
13296669287
18171427768
18062587200
13545252522
13100689018
13971450822
18608622119
13871325720
13554116387
13100712253
18502751018
13080603587
18717134385
13437123298
13164155751
13164155750
15997417312
13554181567
15827314617
15994242564
13871281487
15623883372
13971223956
15387154359
15994235003
13437101238
13659861866
15927326864
13627119616
17707233393
18907143393
17740668177
17786033393
13387647133
15327453663
18571469554
18827424365
18671271909
13517113515
18771085992
13720140385
15623952387
15927474277
18271488113
18202712929
13026126880
15827053433
18717187141
13986288030
15871479900
15871479905
18827078113
13971540975
13971466703
15827144859
13657242325
15342299302
18271894248
15623952387
15072466260
18672937288
18772623233
13477813654
15171482482
13184531931
18171985114
17771642595
07169667679
17771643595
13476295198
13986189577
13886728771
13517226062
13720229385
13986273811
13545165277
15997599344
15527453813
18140557379
13667161346
15337271228
15337295978
15623952387
13971018772
13554383118
13628602832
15615950309
17762500187
13971244731
18271390614
18571645599
15172498055
13607170375
13971269131
15902737675
15387105055
15337152300
18186224121
18872483191
13908630995
13707105077
15527962182
02793166117
13429890059
13006329170
02793544747
13026190186
15926367905
13397178662
15071272700
18108675569
17762507995
13073300604
13476017511
13667143561
13207170851
15927308949
13277097091
15107194610
15871477889
15271845676
15827275773
13986098090
17740698843
13429873984
18064038803
13554332170
15871390972
15997467993
18771082252
15072339748
13027120065
15327200605
13995564339
13995544806
15572507688
18907147915
17771837782
17764201102
02792558821
17702760597
13554197838
15927080450
13377878246
13720183006
15527580383
13476106713
18507119748
02700826997
15342217801
2772308722
15527560942
13197067323
15527444027
18971560507
15527455813
13296676908
13971431580
18163342590
13163217056
13886135510
15071116873
15807155768
15071119627
15623952387
13071223931
15623952387
13971101844
15607100567
13545221059
18871432704
13554508147
13554080839
18707198473
15342601770
15827984352
15623952387
18696161787
13098856388
18827391830
18771088799
13006122561
15072435535
15827200715
13657298615
15827568680
18771950327
15827175050
17333024747
15827373193
15071491288
18771118588
13277139538
13437287403
15927373733
18671457577
18171897569
13476827468
2700019323
18140518936
15907135769
13871459267
15971430222
13659802053
15347100020
13667274202
17771442984
13237189820
13667242212
13317242111
13237189802
13487085551
13986022398
15214300683
18008638878
13339995812
18402718383
13407121377
13995676561
17624441650
13329707706
13720212555
13297996399
15071251018
15629183520
15926458486
15871777661
13072740758
15072335013
13476191713
18771111348
18071717055
15902788047
13659846095
18802708515
17371351021
17371351020
13971044795
15871815211
13277934561
13237144443
13343586069
13407149528
15342421010
15392923559
02791581775
15827640602
15527480695
15871761772
15071116910
18572807608
15527577300
02783893131
18771984772
18140663909
15071498610
15342222485
13986092424
18971639952
15926309037
18986092424
13297923608
18986080690
18207164605
17771416336
15927602527
15907100469
13554397388
15927141618
18696103108
13100705109
13697337730
15926308068
13986004155
18171518571
15807119190
15623952387
15994232702
15827414040
13027169423
15927416747
17762476864
13163383755
13343429781
02792881713
15072027444
13476136521
13971195178
15926250502
13317100202
15391559508
15623952387
02791763783
15072359757
2738309879
13207117843
13907188969
13407110128
13986119902
13006329990
15972226470
15997477246
13667294129
13627445541
13720254137
18071752176
13477099149
18571678204
13720203001
13996780656
13971562583
15927133042
18673211434
13027127557
18827620819
18062126753
15871489485
18062090631
13720118817
15387052596
14527258241
18062050364
18062568113
14527256423
18942935246
17607148722
15972977127
13627276307
18717142959
15927438119
13277989385
15927664132
13720306901
18271923561
13720245481
17762552291
13387590026
13886142017
18007176818
02791060131
18007171818
15327158091
07179798315
13006312176
13163210173
13886092412
18771121482
18986198127
15927579695
13260635657
18827394816
13618641941
15308649568
15927222564
13995538521
13657257851
13667175959
18086488216
13007193913
15972170058
15377689505
15972133380
13377850870
13986047271
13871167193
15671666838
13986148606
13517230678
15972917100
13971228408
18171225525
13907138333
13808699777
18771975468
18012035167
18062035167
15717191016
18062035165
13707170688
15072412162
13080607805
15927386786
13657189757
18871385384
18707176166
18627888261
15107144644
15623952387
13886138065
13477067178
15623952387
18271948156
18771118791
13517211427
17754417721
13657254629
13100621387
13545299294
13871586188
13872898884
15084893362
13033030375
18971126783
15927448338
07123771003
13387679940
15007167370
13647210079
15071242742
13797085373
15172362891
18207102196
18171089726
13720339236
13986163925
17762435991
13995566873
13618637842
15971478597
13036118640
15927092232
13657212289
18871583808
15927547446
15171450333
15072323510
15927326333
13871311019
13627291180
15827387169
13072729981
15827384169
18627586664
15926333699
13476018944
18771016477
18827410474
13554426246
18297140560
15387044994
18827400683
13477012053
13986229659
18071731356
02791278164
13317171353
18164111722
15327311353
15308622322
13871147741
15926317331
15337119742
13871119742
13419637576
13689578289
13971368277
13419531805
13974861321
2700052793
13098877026
15827413397
15907172218
15071305980
13545040119
13886098999
18672971508
15827274607
15623952387
13871130789
17786373685
18971201800
13387102664
13720356784
13277906847
13260581533
18963971603
15374523064
18771360404
13971397104
13997878104
15071260777
13237128288
13617232426
13986091007
18807190669
18871571133
18827360911
18086070697
13207267455
15071983334
18727598952
18772725489
15071999034
18608693178
15607286822
15827881767
15307252066
13667146743
13667144291
13000042412
18871150715
15377033038
02793090230
15377519331
18062569869
15071392539
13971583225
13971462970
02791382249
18062062359
18086660806
18086660818
15902754468
15913746339
15926280895
13797054675
15927140388
13659853237
15717133277
18771922312
13477010133
13971247990
13986147543
18008624212
15827371577
15337114593
15387166543
18154319376
15071321261
15071385326
18827387129
15727066953
15827518950
18956252525
15071260370
13476193261
18162413635
13476165142
18696194810
13317175373
15327442642
13085858055
13006340021
02792146284
15071451852
15717185446
15807117397
18707145070
15671729309
15926421500
18771053944
15739138280
15871436645
13720382715
13469987261
13006113529
13986242881
18771923521
13971332471
13707152107
13871292832
13207183588
18086088161
02793403010
15972603448
15172333115
18062593236
13545001913
02791718548
18986183455
18672931639
15002785530
13871205888
15623952387
13720122188
18971095749
18971459697
18971095742
18971092431
15102740937
13995514316
15172403780
13871173721
15827162108
15072342505
18908652617
15629090332
02791944925
13607189169
13407129444
13720166364
15623952387
15527986167
15717182713
13554347426
18507161593
15623295637
18871167379
18802730722
13163389066
13296504356
18627085118
13437116821
13797042404
15327579050
18971253127
15342737562
15623952387
18702754847
15607158203
15102773533
15072820323
13657127055
13971259535
18771976161
15107111911
13037195109
2748428356
15927364883
15071204258
13720161663
18008642092
13995597963
18008642093
18008642091
13125011309
13971026288
18071085593
13986164827
15007153717
15942152145
13971189869
18717100165
02791744888
18871157858
15717128138
13986065547
13720111266
13659851216
18688618419
13407192878
15872387555
18672398877
15926878172
13797549114
13437161551
15072471444
13995693082
13517223968
13507163808
13277939911
13607151730
13507128146
13507128246
13297019322
13476294427
15827066704
15607101208
18086008602
18207193429
13476278176
13986077279
15802740648
15071143610
15377685135
15377683202
13720212673
13995549745
13971277557
13419677961
13797089571
13437186537
18171085769
15872435633
13212714909
13545013321
18086645745
13487075909
13797216652
15807117396
15807117397
15972134050
13346404819
18907114330
18171420653
18108647653
18717176178
15972222406
15926271711
13720194308
02793469497
18771009102
15623952387
13036168986
13396070160
17798232216
15342275769
18771077426
13707134995
18571754358
13871462669
15827189717
15623952387
13477000111
13628688177
13554012521
13247155551
13720112520
15337267817
18202712301
13871516983
15072454560
15102774748
13476190901
15827489889
13871505329
14527070225
13554168839
18140578433
13871505379
18627178715
13647226652
13618605145
18871154286
15827098791
15827074054
15717153946
18271931736
18271944614
13871069737
15827469881
15072451777
13667128428
13618627861
13618626079
15827129552
15927652127
13396069472
13396062481
13554454927
15629191008
15623952387
13237160521
18607150671
15072347700
15172448763
15902788683
15623952387
18202750739
18202799251
18062273743
13971767969
1011614433
18986597787
13886631108
2788402231
17771859077
2788417038
18972112479
18062581777
15926630777
02792722376
15325667411
17320520170
15308658888
18671457271
15271527417
15971627007
18827444233
13387636011
13871480874
15972164773
13307154021
13469706006
15027250366
18793587621
15827202628
13329713618
15172410200
13554390238
15872415638
13886022456
17375344886
13507120190
15527777653
2748417223
18972692282
13307122503
02793061247
18040543329
02759841097
13006320775
02700426810
13237170143
15623952387
15607107462
18971401736
18062152650
13986248711
15971472048
13080646338
18986248971
13971648312
15071229696
15727059881
13872034781
18872716797
15007177894
15623873487
02759228823
02759230716
15623873486
13618668355
02793535934
15337289256
13720230203
13317124905
13098823252
13545068789
13098882586
15071427333
13667265430
13667265401
13871580883
13797075752
13720173892
13971218034
15623952387
13986084456
15827628835
18120444037
13628625578
15927205959
15926430247
15071072196
18771024190
18271109115
18672937795
13297955589
13407122007
15871169117
18602728007
13581357167
15827857367
