114.285476367 30.5799180761
114.690460297 30.7676914472
114.321853395 29.8436607961
114.665636276 30.2617709241
113.494171055 30.4125670709
112.147111763 31.850813914
114.5440876 31.2671130556
114.033972784 31.5112717614
114.022012305 30.012073439
112.651486076 30.92522
110.919217418 30.8209947595
113.610864225 30.9552312113
113.109998246 31.0198332462
115.174884035 30.0812515789
112.214819298 31.3261108772
109.535366667 30.3218144444
111.3419678 30.7534762
113.293807609 30.0745711957
112.233160244 31.0353487805
112.623235263 29.7789161579
114.030611389 29.5399301111
113.30886497 30.8279646061
113.121949375 29.9593384687
115.378175484 30.1197175161
113.368572552 31.72295
115.862257778 30.075163037
115.180474444 30.754047
109.969440909 30.6281118182
112.250744444 30.3172905556
112.2964 29.5468033333
108.714066667 30.2753883333
113.08822 31.4559054545
110.79531 32.6220436364
114.964704545 31.1512390909
113.46178 32.1196855556
113.1073905 30.52882025
110.7174775 32.055440625
115.239385714 29.8358185714
112.006414286 30.4915
113.578151667 31.3405203333
112.452298 30.0838672
112.8949988 30.4033234
111.471266667 30.5205733333
108.952386 30.30522
113.523733333 29.86338
114.672335 29.4056
112.0179 30.104745
30.4643 114.0619
110.6772 31.30991
112.905 31.985
115.66131 30.7497
