420102191411090321 0 0 0 0 0 0 0 0 0 0 0
420102195103071426 0 0 0 1 0 0 0 0 0 0 0
420123197606146611 0 0 1 1 0 0 0 0 0 0 0
420102195701010017 0 1 1 1 1 0 0 1 0 0 0
420116198807284149 0 0 0 0 0 0 0 0 0 0 0
420102196310230869 0 0 0 1 0 0 0 0 0 0 0
420102195708141714 0 0 0 1 0 0 0 0 0 0 0
420102198812310016 0 0 0 1 0 0 0 0 0 0 0
420123194704017342 0 0 0 0 0 0 0 0 0 0 0
420115200812246618 0 0 0 0 0 0 0 0 0 0 0
420114198211150059 0 0 0 0 0 0 0 0 0 0 0
422202198802161894 0 0 0 1 0 0 0 0 0 0 1
420102199306281018 0 1 0 1 0 0 0 1 0 0 0
420117199303094748 0 0 0 1 0 0 0 0 0 0 0
420117199911211274 0 0 0 0 0 0 0 0 0 0 0
420106199304221287 0 0 0 0 0 0 0 0 0 0 0
420102194111060327 0 0 0 0 0 0 0 0 0 0 0
420102198705281213 0 0 0 0 0 0 0 0 0 0 0
420105199405210425 0 0 0 1 0 0 0 0 0 0 0
42070219890124739X 0 0 0 0 0 0 0 0 0 0 0
420102198209171218 0 0 0 1 1 0 0 1 0 0 0
420116199302076664 0 0 0 1 0 0 0 0 0 0 0
420103194406161615 0 0 0 0 0 0 0 0 0 1 0
420103196407220014 0 0 0 0 0 0 0 0 0 0 0
420122197408216627 0 0 0 0 0 0 0 0 0 0 0
422427196304240329 0 0 0 0 0 0 0 0 0 0 0
420117200801034751 0 0 0 0 0 0 0 0 0 0 0
42010619670713490X 0 0 0 1 0 0 0 0 0 0 0
610402198811107501 0 0 0 1 0 0 0 1 0 0 0
420111201011220011 0 0 0 0 0 0 0 0 0 0 0
420113201112270416 0 0 0 0 0 0 0 0 0 0 0
422201197508032230 0 0 0 0 0 0 0 0 0 1 0
42010319630317376X 0 0 0 1 0 0 0 1 0 0 0
420202199811150022 0 0 0 0 0 0 0 0 0 0 1
420102198508121245 0 1 0 1 0 0 0 0 0 0 0
420116199208250435 0 1 0 1 0 0 0 0 0 0 0
420102195608010020 0 0 0 0 0 0 0 0 0 0 0
420116198606253717 0 0 0 0 0 0 0 0 0 0 1
420103193302063717 0 0 0 0 0 0 0 0 0 0 0
420105199309181249 0 0 0 1 1 0 0 1 0 0 1
220323199004094511 0 0 0 0 0 0 0 0 0 0 0
42010619890716204X 0 0 0 0 0 0 0 1 0 0 1
420103198501083713 0 0 0 0 0 0 0 0 0 0 1
420102192312180828 0 0 0 0 0 0 0 0 0 0 0
420102197112270848 0 1 0 1 0 0 0 1 0 0 0
42120220060828091X 0 0 0 1 0 0 0 0 0 0 0
420104198402274035 0 0 0 1 0 0 0 0 0 0 0
420116199211242444 0 0 0 0 0 0 0 0 0 0 0
420105195405242023 0 0 0 0 0 0 0 0 0 0 0
420102197011030327 0 0 0 0 0 0 0 0 0 0 0
42010219890212003X 0 0 1 1 0 0 0 0 0 0 0
420102198906020028 0 0 0 1 0 0 0 1 0 0 1
420113200811060034 0 0 0 0 0 0 0 0 0 0 0
42010419821104304X 0 1 1 1 0 0 0 1 0 1 0
420102195402040021 0 0 0 0 0 0 0 0 0 0 0
420124197502181232 0 0 0 1 0 0 0 0 0 0 0
420107199511222529 0 0 0 1 0 0 0 1 0 0 0
42011619930820302X 0 0 0 1 0 0 0 0 0 0 0
420102195312190325 0 0 0 0 0 0 0 0 0 0 0
420102192603120040 0 0 0 0 0 0 0 0 0 0 0
420102195605100071 0 0 0 1 0 0 0 0 0 0 0
420102199502021221 0 0 0 1 0 0 0 0 0 0 0
420602198104030029 0 0 0 1 0 0 0 1 0 0 0
420106195307114438 0 0 0 1 0 0 0 1 0 0 0
420123194107074111 0 0 0 0 0 0 0 0 0 0 0
42010719891008371X 0 0 1 1 0 0 1 1 0 0 0
421123198805134061 0 0 0 0 0 0 0 0 0 0 0
420102199803182045 0 0 0 1 0 0 0 0 0 0 0
420105195801300432 0 0 0 0 0 0 0 0 0 0 0
42010419660513042X 0 0 0 0 0 0 0 0 0 0 0
420104199306232710 0 0 0 0 0 0 0 0 0 0 0
42010319910601531X 0 0 0 0 0 0 0 1 0 0 0
420102195109110019 0 0 0 1 0 0 0 0 0 1 0
420102196309130019 0 0 0 0 0 0 0 0 0 0 0
42010219530818175X 0 0 0 0 0 0 0 0 0 0 0
420117199204127516 0 0 0 0 0 0 0 0 0 0 1
429001198803053325 0 0 0 1 0 0 0 0 0 0 0
420116198810023097 0 0 0 0 0 0 0 0 0 0 0
420103199708055714 0 1 0 1 0 0 0 0 0 0 0
420102197508210032 0 0 0 0 0 0 0 0 0 0 0
420102194207132428 0 0 0 1 0 0 0 0 0 0 0
420102197911150025 0 0 0 1 0 0 0 1 0 0 0
420102195706270037 0 0 0 0 0 0 0 1 0 0 0
420102193606150311 0 0 0 0 0 0 0 0 0 0 0
420104195708313347 0 0 0 0 0 0 0 0 0 0 0
420102198308210315 0 0 0 1 0 0 0 1 0 0 0
420105195102230017 0 0 0 0 0 0 0 0 0 0 1
420102198710080037 0 0 0 0 0 0 0 0 0 0 1
420103194209253721 0 0 0 1 0 0 0 0 0 0 0
429004198302183489 0 0 0 0 0 0 0 0 0 0 0
420704199102144658 0 0 0 0 0 0 0 0 0 0 0
420116198802030457 0 0 0 0 0 0 0 0 0 0 1
420122195010174704 0 0 0 0 0 0 0 0 0 0 0
420116199103083749 0 0 0 0 0 0 0 0 0 0 1
420116199110153012 0 0 0 1 0 0 0 0 0 0 0
420102192511100325 0 0 0 0 0 0 0 0 0 0 0
420103194304142018 0 0 0 1 0 0 0 0 0 0 0
42242619520814562X 0 0 0 0 0 0 0 0 0 0 0
420103198109100814 0 0 0 1 0 0 0 0 0 0 0
420124193608223113 0 0 0 0 0 0 0 0 0 0 1
420122197404148321 0 0 0 0 0 0 0 0 0 0 0
42011619870305412X 0 0 0 0 0 0 0 0 0 0 0
420102198707291466 0 0 0 1 0 0 0 1 0 0 0
420114200405091931 0 0 0 0 0 0 0 0 0 0 0
420116200609063337 0 0 0 0 0 0 0 0 0 0 0
420103195510272037 0 0 0 0 0 0 0 0 0 0 0
420116199111064142 0 0 0 0 0 0 0 0 0 0 0
420102199805061431 0 0 0 0 0 0 0 0 0 0 0
420102201207152026 0 0 0 0 0 0 0 0 0 0 0
420103196301110044 0 0 0 0 0 0 0 0 0 0 0
420102194404180015 0 0 0 1 0 0 0 0 0 0 0
420116198907083088 0 0 0 0 0 0 0 0 0 0 0
42010319891108126X 0 1 0 1 0 0 0 1 0 0 0
420117200002280833 0 0 0 0 0 0 0 0 0 0 0
420106195102094437 0 0 0 0 0 0 0 0 0 0 0
420102195406100335 0 0 0 0 0 0 0 0 0 0 1
420116199205058325 0 0 0 0 0 0 0 0 0 0 0
513022199510266119 0 0 1 1 0 0 0 0 0 0 0
420105199403292412 0 0 0 1 0 0 0 0 0 0 0
420116199501074127 0 1 0 1 0 0 0 0 0 0 0
420102198301210312 0 0 0 0 0 0 0 0 0 0 0
420102195912040072 0 0 0 1 1 0 0 1 0 1 0
420103197506063717 0 0 0 0 0 0 0 0 0 0 1
420124193909169421 0 0 0 0 0 0 0 0 0 0 0
420116198911085641 0 0 0 0 0 0 0 0 0 0 0
42010219480624005X 0 0 0 1 0 0 0 0 0 0 0
42011719920701471X 0 0 0 0 0 0 0 0 0 0 0
420116198904058047 0 0 0 1 0 0 0 1 0 0 0
420102197510070016 0 0 0 1 0 0 0 0 0 0 0
420103196402264923 0 0 0 1 0 0 0 0 0 0 0
422125197610231610 0 0 0 0 0 0 0 0 0 0 0
420105199311181221 0 0 0 1 0 0 0 0 0 0 1
420116198802164121 0 0 0 0 1 0 0 1 0 0 0
420104199512260413 0 0 0 1 0 0 0 0 0 0 1
420102197907250015 0 0 0 1 0 0 1 1 0 0 0
420103196711222049 0 0 0 0 0 0 0 0 0 0 1
420102195302080034 0 0 0 0 0 0 0 0 0 0 0
420103198912071223 0 0 0 1 0 0 0 1 0 0 0
420102196108060317 0 0 0 0 0 0 0 0 0 0 0
420102198702040334 0 0 0 0 0 0 0 1 0 1 0
420106200510078026 0 0 0 1 0 0 0 1 0 0 0
42011119800304341X 0 0 0 1 0 0 0 0 0 0 0
420124195805195528 0 0 0 0 0 0 0 0 0 0 0
42011419890820511X 0 0 0 0 0 0 0 1 0 0 0
420111200811035514 0 0 0 0 0 0 0 0 0 0 0
42011619890808412X 0 0 0 0 0 0 0 0 0 0 0
420116200009132431 0 0 0 0 0 0 0 0 0 0 0
420104196410282028 0 0 0 0 0 0 0 0 0 0 0
420104198206081228 0 0 0 1 0 0 0 0 0 1 0
420503198904081829 0 0 0 1 0 0 0 1 0 1 0
422201196810196821 0 0 0 0 0 0 0 0 0 0 0
420102196711162035 0 0 0 0 0 0 0 0 0 0 0
420102192510140018 0 0 0 0 0 0 0 0 0 0 0
42010219751225031X 0 1 0 1 0 0 0 0 0 0 0
42010419390110162X 0 0 0 0 0 0 0 0 0 0 0
420102196211160324 0 1 0 1 0 0 0 0 0 0 0
42010419500826162X 0 0 0 1 0 0 0 0 0 0 0
420102196406240383 0 0 0 1 0 0 0 1 0 0 1
420102196608301420 0 0 0 1 0 0 0 0 0 0 0
420111195008176648 0 0 0 0 0 0 0 0 0 0 1
420502199006074836 0 0 0 1 0 0 0 0 0 0 1
420111197808104123 0 0 0 1 0 0 0 0 0 0 0
420102198708040044 0 0 0 0 0 0 0 0 0 0 0
420106198408233210 0 0 0 0 0 0 0 0 0 0 1
420102195205241465 0 0 0 0 0 0 0 0 0 0 0
420117199504076327 0 0 0 0 0 0 0 0 0 0 0
420103199208033711 0 0 0 1 0 0 0 0 0 0 0
420102198310050058 0 0 0 1 0 0 0 1 0 0 0
420601196912100069 0 0 0 0 0 0 0 0 0 0 0
420116198705150449 0 0 0 0 0 0 0 0 0 0 0
420124192604035524 0 0 0 0 0 0 0 0 0 0 0
420116198704284146 0 0 0 0 1 0 0 1 0 1 0
420106198211082068 0 0 0 0 1 0 0 1 0 0 0
420116198607193445 0 0 0 0 0 0 0 0 0 0 0
420102195309271239 0 0 0 1 0 0 0 0 0 0 0
420116199212234120 0 0 0 0 0 0 0 0 0 0 1
420116199406063729 0 1 0 1 0 0 0 0 0 0 0
420116198912294162 0 0 0 1 0 0 0 0 0 0 0
420116198809124114 0 0 0 1 0 0 0 0 0 0 0
420102195608130321 0 0 0 0 0 0 0 1 0 0 0
420111201110182356 0 0 0 0 0 0 0 0 0 0 0
420123196509178027 0 0 0 0 0 0 0 0 0 0 0
420102199110141267 0 1 0 1 0 0 0 1 0 0 1
420112195611290329 0 0 0 0 0 0 0 0 0 0 0
42010519630810044X 0 0 0 0 0 0 0 0 0 0 0
350784198201190042 0 0 0 0 0 0 0 0 0 0 0
42010319910611043X 0 0 0 0 0 0 0 0 0 0 0
420124198008183544 0 0 0 0 0 0 0 0 0 0 0
420103195707270414 0 0 1 1 0 0 0 0 0 1 0
420102195009060018 0 0 0 0 0 0 0 0 0 0 0
420105196510203661 0 0 0 0 0 0 0 0 0 0 0
420122193506118715 0 0 0 0 0 0 0 0 0 0 0
42010219461115002X 0 0 0 1 0 0 0 0 0 0 0
420100196301141714 0 0 0 0 0 0 0 1 0 0 0
420124194210169414 0 0 0 0 0 0 0 0 0 0 0
420103197901113729 0 0 0 0 0 0 0 0 0 1 0
420102195703100024 0 0 0 0 0 0 0 0 0 0 0
42010219440824141X 0 0 0 0 0 0 0 0 0 0 0
420102192608040023 0 0 0 0 0 0 0 0 0 0 0
420116200008083025 0 0 0 1 0 0 0 0 0 0 0
420106200812159534 0 0 0 0 0 0 0 0 0 0 1
420102196212040084 0 0 0 0 0 0 0 0 0 0 0
42010619790711203X 0 0 0 0 0 0 0 1 0 0 1
420116192406074127 0 0 0 0 0 0 0 0 0 0 0
420104197502150027 0 0 0 1 0 0 0 1 0 0 1
420112194909231810 0 0 0 0 1 0 0 1 0 0 0
420117198907131218 0 0 0 1 0 0 0 0 0 0 0
420102197501040026 0 0 0 1 0 0 0 0 0 0 0
420106199109243229 0 0 0 0 0 0 0 0 0 1 0
420107200203110037 0 0 0 1 0 0 0 0 0 0 0
420102195901010038 0 1 0 1 0 0 0 0 0 0 0
420103193111262422 0 0 0 1 0 0 0 0 0 0 1
420122193602111329 0 0 0 0 0 0 0 0 0 0 0
420116198908052750 0 0 0 0 0 1 0 1 0 0 0
420116199006154111 0 0 1 1 0 0 0 1 0 0 0
420115200407168812 0 0 0 0 0 0 0 0 0 0 0
420102198703090034 0 0 0 0 0 0 0 0 0 0 1
420116199505315629 0 0 0 1 0 0 0 0 0 0 0
420105198409151210 0 0 0 1 0 0 0 0 0 0 0
42010519561221202X 0 0 0 1 0 0 0 0 0 0 0
42012119571103541X 0 0 0 0 0 0 0 0 0 0 0
420103195408152020 0 0 0 1 0 0 0 0 0 0 0
420124197810317517 0 0 0 1 0 0 0 0 0 0 0
420116198801303740 0 0 0 0 0 0 0 1 0 0 0
420123197012043711 0 0 0 1 0 0 0 0 0 0 0
420102198111190023 0 0 0 0 0 0 0 0 0 0 0
420102194607071433 0 0 0 0 0 0 0 0 0 0 0
420102194011300012 0 0 0 0 0 0 0 0 0 0 0
420106197409220927 0 0 0 0 0 0 0 0 0 0 1
420104199105022717 0 0 0 1 0 0 0 1 0 0 0
420102198409050314 0 0 0 0 0 0 0 0 0 0 0
420102200008051420 0 0 0 1 0 0 0 0 0 0 0
420116198803044121 0 0 0 0 0 0 1 1 0 0 0
420116198912133713 0 0 0 0 0 0 0 0 0 0 0
420102195608312424 0 0 0 0 0 0 0 0 0 0 0
420116199303083014 0 0 0 0 0 0 0 0 0 0 0
420205195502226119 0 0 1 1 0 0 0 0 0 0 0
420102196207030316 0 0 0 0 0 0 0 0 0 0 0
420103200402263727 0 0 0 0 0 0 0 1 0 0 0
420112196904150316 0 0 0 0 0 0 0 0 0 0 0
420103198911241243 0 0 0 1 1 0 0 1 0 0 0
420124193912291217 0 0 0 0 0 0 0 0 0 0 1
420111198408025017 0 0 0 0 0 0 0 0 0 0 0
420102193007130829 0 0 0 0 0 0 0 0 0 0 0
420103195512303247 0 0 0 1 0 0 0 0 0 0 0
420116200110206212 0 0 0 0 0 0 0 0 0 0 0
420117199012063925 0 0 0 0 0 0 0 0 0 0 0
420104198808013310 0 0 0 1 0 0 0 1 0 0 0
420102197001292825 0 0 0 0 0 0 0 0 0 0 0
420104199307140447 0 0 1 1 0 0 0 1 0 0 0
42010519921008203X 0 0 0 1 0 0 0 0 0 0 0
420102197603130014 0 0 0 0 0 0 0 0 0 0 0
420116199409174125 0 0 0 0 0 0 0 0 0 0 0
420102194707261410 0 0 0 0 0 0 0 0 0 0 0
422301198511141518 0 0 0 0 0 0 0 0 0 0 1
420102195406062826 0 0 0 1 0 0 0 0 0 0 0
420111195801011320 0 0 0 0 0 0 0 0 0 0 0
420102198607293114 0 0 0 0 0 1 0 1 0 0 0
42012419820528781X 0 1 0 1 0 1 0 1 0 0 0
420102197805212421 0 0 0 1 0 0 0 1 0 0 0
420104193204010044 0 0 0 0 0 0 0 0 0 0 0
420100196607121724 0 1 1 1 0 0 0 1 0 0 0
420116198907043748 0 0 0 0 0 0 0 0 0 0 0
420117199204178401 0 0 0 1 0 0 0 1 0 0 0
42010319280201081X 0 0 0 0 0 0 0 0 0 0 0
420105198606260029 0 0 0 1 0 0 0 0 0 0 1
421222198807260028 0 0 0 0 0 0 0 0 0 0 1
422322192410165611 0 0 0 0 0 0 0 0 0 0 0
421222198711225236 0 0 0 1 0 1 0 1 0 0 0
420102194711030025 0 0 0 0 0 0 0 0 0 0 0
211302197510083223 0 0 0 0 0 0 0 0 0 1 0
420102198911120023 0 0 0 1 0 0 0 1 0 0 0
420117199010307527 0 0 1 1 0 0 0 0 0 0 0
420117199102121236 0 0 0 0 0 0 0 0 0 0 1
420112200403092129 0 0 0 0 0 0 0 0 0 0 0
420116198901246923 0 0 0 1 0 0 0 1 0 0 0
420106193208282015 0 0 0 0 0 0 0 0 0 0 0
420103199104283724 0 0 0 1 0 0 0 0 0 1 0
420105199102121214 0 0 0 0 0 0 0 0 0 0 0
420102199406181735 0 0 0 1 1 0 0 1 0 0 0
420984198001215312 0 0 0 1 0 0 1 1 0 0 0
42011619910601372X 0 0 0 1 0 0 0 0 0 0 0
420106200811054052 0 0 0 0 0 0 0 1 0 0 0
422128197001171762 0 0 0 0 0 0 0 0 0 0 0
132923196110150862 0 0 0 1 0 0 0 0 0 0 0
42010219630908143X 0 0 0 0 0 0 0 0 0 0 0
42012419621106017X 0 0 0 1 0 0 0 0 0 0 0
420102196603131741 0 0 0 1 1 0 0 1 0 0 0
42010319670110206X 0 0 0 0 0 0 0 0 0 0 0
420124196605181302 0 0 0 0 0 0 0 0 0 0 0
500224198407054059 0 0 0 1 0 0 0 0 0 0 0
420116198707073731 0 0 0 0 0 0 0 0 0 0 0
420102195702030327 0 0 0 0 0 0 0 0 0 0 1
420103198806073727 0 0 1 1 0 0 1 1 0 0 0
420102198808011427 0 0 0 0 0 0 0 1 0 0 0
420116197704052455 0 0 0 0 0 0 0 0 0 0 0
420121197107210049 0 0 0 0 0 0 0 0 0 0 0
420102198902170029 0 0 0 0 0 0 0 0 0 0 0
420103195409030818 0 0 0 0 0 0 0 0 0 0 0
42010219351026033X 0 0 0 0 0 0 0 0 0 0 0
420116199404034115 0 0 0 1 0 0 0 0 0 0 0
420116199202260448 0 0 1 1 0 0 0 0 0 0 0
362201198703280019 0 0 1 1 0 0 0 1 0 0 0
420102191211080014 0 0 0 0 0 0 0 0 0 0 0
420102198006220024 0 1 0 1 0 0 0 1 0 0 0
420123198207216912 0 0 0 1 0 0 0 1 0 0 1
420117199508262311 0 0 0 0 0 0 0 0 0 0 0
421023198511288334 0 0 0 0 0 0 0 0 0 0 0
420115199306067910 0 0 0 1 0 0 0 0 0 0 0
511227197805212734 0 0 0 1 0 0 0 1 0 0 0
420121196409150710 0 0 0 0 0 0 0 0 0 0 1
420117199302194712 0 0 0 1 0 0 0 0 0 0 0
420106193410114410 0 0 0 0 0 0 0 0 0 0 0
420105197411081659 0 0 0 0 0 0 0 1 0 0 1
420112198911073610 0 0 0 0 0 0 0 1 0 0 0
420102195010100021 0 0 0 0 0 0 0 0 0 0 0
420102200803221724 0 0 0 0 0 0 0 0 0 0 0
42212719800906031X 0 0 0 1 0 0 0 0 0 1 0
420102196003060353 0 0 0 0 0 0 0 0 0 0 0
420102193807021743 0 0 0 0 0 0 0 0 0 0 0
420111199104073727 0 0 0 1 0 0 0 0 0 0 0
420102197308050011 0 1 0 1 0 0 1 1 0 0 0
420102194102160019 0 0 0 0 0 0 0 0 0 0 0
420116199009173406 0 0 0 0 0 0 0 0 0 0 1
420116199703198013 0 0 0 0 0 0 0 0 0 0 0
420102195501140036 0 0 0 1 0 0 0 1 0 0 0
420124197911282317 0 1 0 1 0 0 0 1 0 0 1
420102199201270013 0 0 1 1 0 0 1 1 0 0 0
420102199808220047 0 1 0 1 0 0 0 0 0 0 0
420116199102184126 0 0 0 0 0 0 0 0 0 0 0
420102197211160310 0 0 0 0 0 0 0 0 0 0 0
420103197409123714 0 0 0 0 0 0 0 1 0 0 0
350123198702272366 0 0 0 0 0 0 0 0 0 0 0
421122198810306335 0 0 0 1 0 0 0 0 0 0 0
420102198812142817 0 0 0 1 0 0 0 1 0 0 0
420106199301273217 0 0 0 1 0 0 0 1 0 0 0
420106200802191223 0 0 0 1 0 0 0 0 0 0 0
420105195704030020 0 0 0 1 0 0 0 0 0 0 0
422828198702190010 0 0 0 1 1 0 1 1 0 0 0
420124196710039455 0 0 0 0 0 0 0 0 0 0 0
420105199409152015 0 0 0 1 0 0 0 0 0 0 0
420102198306261477 0 0 0 1 0 0 0 1 0 0 0
420124196309254749 0 0 0 0 0 0 0 0 0 0 0
420123197910022023 0 0 0 0 0 0 0 0 0 0 0
420123196903140836 0 0 0 1 0 0 0 0 0 0 0
420116199308183014 0 0 1 1 0 0 0 0 0 0 0
420102194905060054 0 1 0 1 0 0 0 0 0 0 0
420113199004290620 0 0 0 1 0 0 0 0 0 0 0
420102194902160033 0 0 0 1 0 1 0 1 0 0 0
420116198804053089 0 0 0 0 0 0 0 0 0 0 1
42010619510129121X 0 0 0 0 0 0 0 0 0 0 0
420102196305190022 0 0 0 1 0 0 0 0 0 0 0
420107195202120547 0 0 0 0 0 0 0 0 0 0 0
420116198904125211 0 0 0 0 0 0 0 0 0 0 1
42010219440613002X 0 0 0 0 0 0 0 0 0 0 0
420105199212152011 0 0 0 1 0 0 0 1 0 0 0
420106198701282011 0 0 0 1 0 0 0 0 0 0 0
420106197208044429 0 0 0 1 0 0 0 0 0 0 0
420106195205064425 0 0 0 1 0 0 0 0 0 0 0
420102195007270011 0 0 0 0 0 0 0 0 0 0 0
420104198804020054 0 0 0 0 0 0 0 1 0 1 0
420117198706161242 0 0 0 0 0 0 0 0 0 0 1
420103194905163228 0 0 0 1 0 0 0 0 0 0 0
420102198602220047 0 0 0 0 0 0 0 1 0 0 0
420922197901280087 0 0 0 1 0 0 0 0 0 0 0
360124197811270988 0 0 0 0 0 0 0 0 0 0 0
420104199211104724 0 0 0 1 0 0 0 1 0 0 0
42012319690512002X 0 0 0 0 0 0 0 0 0 0 0
420122197509233215 0 0 0 0 0 0 0 0 0 0 0
420111196711162314 0 0 0 0 0 0 0 0 0 0 0
420111196203020037 0 0 0 1 0 0 0 0 0 0 0
421124198510024515 0 0 0 1 0 0 0 0 0 0 0
420102198012302026 0 0 0 1 1 0 0 1 0 1 0
420116198710036210 0 0 0 0 1 0 0 1 0 0 0
42010619371109322X 0 0 0 0 0 0 0 0 0 0 0
420102192511140028 0 0 0 0 0 0 0 0 0 0 0
420102195710150337 0 0 0 1 0 0 0 0 0 0 0
420103201101190418 0 0 0 0 0 0 0 0 0 0 0
420102195110150069 0 0 0 0 0 0 0 0 0 0 0
422201195901122305 0 0 0 1 0 0 0 0 0 0 0
420102198701010352 0 0 0 1 0 0 0 0 0 0 0
420102196003310025 0 0 0 0 0 0 0 0 0 0 0
420114199201220716 0 0 0 0 0 0 0 0 0 0 0
42011619711118142X 0 0 0 0 0 0 0 0 0 0 0
420116199410108328 0 0 0 0 0 0 0 0 0 0 0
420121194702082818 0 0 0 0 0 0 0 0 0 0 0
420107199510263310 0 0 0 1 0 0 0 0 0 0 0
420117198906067525 0 0 0 0 0 0 0 0 0 0 0
420102193007100013 0 0 0 0 0 0 0 0 0 0 0
420112198202213916 0 0 0 0 0 0 0 0 0 0 0
420107195111072033 0 0 0 0 0 0 0 0 0 0 0
420106196309095618 0 0 0 1 0 0 0 1 0 0 0
420123194704013747 0 0 0 0 0 0 0 0 0 0 0
420116198704084128 0 0 0 0 0 0 0 0 0 0 0
42011619880902413X 0 0 0 0 0 0 0 0 0 0 1
420500196910080090 0 0 0 1 0 0 0 0 0 0 0
420116198712093323 0 0 0 0 0 0 0 0 0 1 0
420123197209220419 0 0 0 1 0 0 0 1 0 0 0
420115200706240925 0 0 0 0 0 0 0 0 0 0 0
420116201209281743 0 0 0 0 0 0 0 0 0 0 0
420102195008200365 0 0 0 1 0 0 0 0 0 0 0
421122198909105891 0 0 0 0 0 0 0 0 0 0 0
420102199009211216 0 0 0 1 0 0 0 0 0 0 0
420102198807240092 0 0 0 0 0 0 0 0 0 0 1
420102198401160041 0 0 0 1 0 0 0 0 0 0 1
420105196601122429 0 0 0 1 0 0 0 1 0 0 1
420117199706099455 0 0 0 1 0 0 0 0 0 0 0
210302197206180319 0 1 0 1 1 0 1 1 0 0 0
42010419621125004X 0 0 0 1 0 0 0 0 0 0 0
420106196301140410 0 0 0 1 0 0 0 0 0 0 0
522701198611260341 0 0 0 0 0 0 0 0 0 0 0
420116198008027613 0 0 0 0 0 0 0 0 0 0 0
420116198610024140 0 0 0 1 0 0 0 0 0 0 0
420102194403150025 0 0 0 0 0 0 0 0 0 0 1
42010219621128006X 0 0 1 1 0 0 0 0 0 0 1
420103193404023214 0 0 0 0 0 0 0 0 0 0 0
420102196908010318 0 0 0 1 0 0 0 0 0 0 0
420124196309259427 0 0 0 0 0 0 0 0 0 0 0
420526197712050032 0 0 1 1 1 0 1 1 0 0 0
420102194809140628 0 0 0 0 0 0 0 0 0 0 0
420104195307214049 0 0 0 0 0 0 0 0 0 0 0
420105199111020837 0 0 0 0 1 0 0 1 0 0 0
420117198709050425 0 0 0 1 0 0 0 0 0 0 1
420105195912100433 0 0 0 0 0 0 0 0 0 0 0
420116199506185256 0 0 0 0 0 0 0 0 0 0 0
420103198905300411 0 0 0 1 0 0 0 0 0 0 0
420122196111280949 0 0 0 0 0 0 0 0 0 0 0
42010619920802323X 0 0 0 0 0 0 0 0 0 0 0
420116198507293713 0 0 0 1 0 0 0 0 0 0 0
420106200306060814 0 0 0 1 0 0 0 0 0 0 0
420106195202201244 0 0 0 1 0 0 0 1 0 0 1
420123197703212019 0 0 0 1 0 0 0 1 0 0 1
42010219850110002X 0 0 0 1 0 0 0 1 0 0 0
420102198602041727 0 0 0 1 0 0 0 1 0 0 0
420104196704209512 0 0 0 0 0 0 0 0 0 0 1
420102195111020813 0 0 0 0 0 0 0 0 0 0 0
42010319461003324X 0 0 0 0 0 0 0 0 0 0 0
420103198911010410 0 0 1 1 0 0 1 1 0 0 0
420102196110110053 0 0 1 1 0 0 0 0 0 0 0
42010419630307301X 0 0 0 1 1 0 0 1 0 0 0
420105199801203622 0 0 0 0 0 0 0 0 0 0 1
420105198504113626 0 0 0 0 0 0 0 0 0 0 0
420112196910053010 0 0 0 1 0 0 0 0 0 0 0
420124197703280026 0 0 0 0 0 0 0 0 0 0 0
420102198410030038 0 0 0 1 0 0 0 0 0 0 0
42012419630816942X 0 0 0 0 0 0 0 0 0 0 0
420116199107063710 0 0 0 1 0 0 0 0 0 0 0
420102196002010389 0 0 0 0 0 0 0 0 0 0 0
420124197010301277 0 0 0 1 0 0 0 0 0 0 1
420124196911097125 0 1 0 1 0 0 0 0 0 0 0
420124195908093129 0 0 0 0 0 0 0 0 0 0 0
420103200209180014 0 0 1 1 0 0 0 0 0 0 0
420106196601124842 0 0 0 0 0 0 0 0 0 0 0
420102195809060622 0 0 1 1 0 0 0 1 0 0 0
420116199301304127 0 0 0 1 0 1 0 1 0 0 1
342121197108153922 0 0 0 1 0 0 0 0 0 1 0
420106198311261215 0 0 0 1 0 0 0 1 0 0 1
420123198010075925 0 0 0 1 0 0 0 1 0 0 0
420103195407172820 0 0 0 1 0 0 0 0 0 0 1
420106193603254452 0 0 0 0 0 0 0 0 0 0 1
420117199107107986 0 0 0 1 0 0 0 0 0 0 0
420102195501160336 0 0 0 0 0 0 0 0 0 0 0
420124196211172710 0 1 0 1 0 0 0 0 0 0 0
420202198903201224 0 0 0 1 0 0 0 1 0 0 0
420116198609083717 0 0 0 1 0 0 0 0 0 0 0
420106199605040017 0 0 0 1 0 0 0 0 0 0 0
420111196703076627 0 0 0 0 0 0 0 0 0 0 0
42010219890515143X 0 1 0 1 0 0 1 1 0 0 0
421023199412050077 0 0 0 1 0 0 1 1 0 0 0
420112200312274525 0 0 0 0 0 0 0 0 0 0 0
420105196306260829 0 0 0 0 0 0 0 1 0 0 0
420102199312271043 0 0 1 1 0 0 0 0 0 0 0
420124198004308717 0 0 0 0 0 0 0 0 0 0 0
420114199511234312 0 0 0 0 0 0 0 0 0 0 1
420102196005193715 0 0 0 0 0 0 0 0 0 0 0
420102199105160623 0 0 1 1 0 0 0 0 0 0 1
420102195208230358 0 0 0 1 0 0 0 0 0 0 1
420102195203202016 0 0 0 0 0 0 0 0 0 0 0
420116199002112731 0 0 0 0 0 0 0 0 0 0 0
420111197711055601 0 0 0 1 0 0 0 0 0 0 0
420117200004245513 0 0 0 0 0 0 0 0 0 0 1
420104198505171215 0 0 0 1 0 0 0 0 0 0 1
420104195308073612 0 0 0 0 0 0 0 0 0 0 0
420102192704160025 0 0 0 0 0 0 0 0 0 0 0
420105199104260023 0 0 0 0 0 0 0 0 0 0 0
420116200009271722 0 0 0 0 0 0 0 0 0 0 0
420116200007153757 0 0 0 0 0 0 0 0 0 0 0
420117199104234744 0 0 0 0 0 0 0 0 0 0 0
420104195402224325 0 0 0 0 0 0 0 0 0 0 0
420102194909120018 0 1 0 1 0 0 0 0 0 1 0
420124197806097128 0 0 0 0 0 0 0 0 0 0 1
420116198710184125 0 0 0 0 0 0 0 1 0 0 0
420103196304013258 0 0 0 1 0 0 0 0 0 0 0
420102194806130635 0 0 0 0 0 0 0 0 0 0 0
422129197210200036 0 0 0 0 0 0 0 0 0 0 0
420101201107068525 0 0 0 0 0 0 0 0 0 0 0
420102196209270356 0 0 0 0 0 0 0 0 0 0 0
420103199109255730 0 0 0 1 0 0 0 1 0 1 0
420116198710153775 0 0 0 0 0 0 1 1 0 0 0
42010619890328201X 0 0 1 1 0 0 0 0 0 0 1
420102195807280330 0 0 0 0 0 0 0 1 0 0 1
420106198407128419 0 0 0 0 0 0 0 0 0 0 0
42010219780513171X 0 0 0 1 0 0 0 0 0 0 0
420102195012261435 0 0 0 0 0 0 0 0 0 0 0
420105198802121616 0 0 0 1 0 0 0 0 0 0 0
421124198610141030 0 0 0 0 0 0 0 0 0 0 0
420116200006020418 0 0 0 0 0 0 0 0 0 0 0
420114200405101917 0 0 0 0 0 0 0 0 0 0 0
420102192312010044 0 0 0 0 0 0 0 0 0 0 0
420103195310244621 0 0 0 0 0 0 0 0 0 0 0
42010219541225033X 0 0 0 0 0 0 0 0 0 0 0
420105199409031221 0 0 0 1 0 0 0 0 0 0 0
339005199103280613 0 0 0 0 0 0 0 1 0 0 0
420102194901090651 0 0 0 0 0 0 0 0 0 0 0
420112197609300646 0 0 0 1 0 0 0 0 0 0 1
500238199110255522 0 1 0 1 0 0 1 1 0 0 0
420106200610023620 0 0 0 1 0 0 0 1 0 0 0
420105199012300024 0 0 1 1 0 0 0 1 0 0 0
420102195204280315 0 0 0 0 0 0 0 0 0 0 0
420103197101210045 0 0 0 0 0 0 0 0 0 0 0
420123197104177610 0 0 0 1 0 0 0 0 0 0 0
420103196002040015 0 0 0 1 0 0 0 0 0 0 0
420116199202085248 0 0 0 1 0 0 0 1 0 0 0
42010219930605101X 0 0 0 0 0 0 0 0 0 0 0
42010319461002372X 0 0 0 0 0 0 0 0 0 0 0
420102198912122434 0 0 0 0 0 0 0 0 0 0 0
420102197803090010 0 0 0 0 0 0 0 0 0 0 0
420106195412011254 0 0 0 0 0 0 0 0 0 0 0
422722195810310027 0 0 0 0 1 0 0 1 0 0 0
420102199007282811 0 0 0 0 0 0 0 1 0 0 0
42010219671229171X 0 0 0 1 0 0 0 1 0 0 0
420105199508092812 0 1 1 1 0 0 0 0 0 0 0
420102195604050017 0 0 0 0 0 0 0 0 0 0 0
420111201004265545 0 0 0 0 0 0 0 1 0 0 0
420103194508051636 0 0 0 0 0 0 0 0 0 0 0
420102195908110015 0 0 0 1 0 0 0 0 0 0 0
420104196809242730 0 0 0 0 0 0 0 0 0 0 0
42010219631224202X 0 0 0 0 0 0 0 0 0 0 0
42010219600214001X 0 0 0 0 0 0 0 1 0 0 0
429004198106193495 0 0 1 1 0 0 0 1 0 0 0
420102198904132835 0 0 1 1 0 0 0 0 0 0 0
420103198805201221 0 0 0 1 0 0 0 0 0 0 0
420123196902131129 0 0 0 0 0 0 0 0 0 0 0
420116199310314124 0 0 0 1 0 0 1 1 0 0 0
420102198105041435 0 0 0 1 0 0 0 1 0 0 0
42011619870205411X 0 0 0 1 0 0 0 0 0 1 0
420123198303161421 0 0 0 1 0 0 0 0 0 0 0
420102195805220019 0 0 0 0 0 0 0 0 0 0 1
42010619940910321X 0 0 0 0 0 0 0 0 0 0 0
420116199511158316 0 0 0 0 0 0 0 0 0 0 0
420116199406076220 0 0 0 1 0 0 0 1 0 1 1
420103198811122810 0 0 0 0 0 0 0 0 0 0 0
420102196709232823 0 0 1 1 0 0 0 0 0 1 0
420104199204173625 0 0 0 1 0 0 0 1 0 0 0
42010219430722002X 0 0 0 0 0 0 0 0 0 0 0
420102194806220016 0 0 0 0 0 0 0 0 0 0 0
420102198110200015 0 0 0 1 1 0 0 1 0 0 1
420104195204094742 0 0 0 0 0 0 0 0 0 0 0
420103198905260413 0 0 0 1 0 0 0 0 0 0 1
420102194608160614 0 0 0 1 0 0 0 1 0 0 0
420106198809150846 0 0 0 1 0 0 0 0 0 0 0
420107201201082022 0 0 0 0 0 0 0 0 0 0 0
42010219410227004X 0 0 0 0 0 0 0 0 0 0 0
420107194406052510 0 0 0 1 0 0 0 0 0 0 0
420102193006080049 0 0 0 0 0 0 0 0 0 0 0
420116198909064139 0 0 0 1 0 0 0 0 0 0 0
42010219650823171X 0 1 0 1 0 0 0 0 0 0 0
420102196602030666 0 0 0 0 0 0 0 1 0 0 0
420102199105114029 0 0 0 1 0 0 0 0 0 0 1
420102198604240324 0 0 0 0 0 0 0 1 0 0 0
422202199009132443 0 0 0 0 0 0 0 0 0 0 0
429001198310076115 0 0 0 1 0 0 0 0 0 0 0
42010419840201433X 0 0 0 1 0 0 0 1 0 0 0
420102199002223142 0 0 0 0 0 0 0 1 0 0 0
420102197010240015 0 0 0 0 0 0 0 1 0 1 0
420116198712188023 0 0 0 0 0 0 0 0 0 0 0
420116199410285922 0 0 0 1 0 0 0 1 0 0 0
420116199008014120 0 0 0 1 0 0 0 0 0 0 0
420102194908130038 0 0 0 1 0 0 0 0 0 0 0
420116199408185287 0 1 0 1 1 0 0 1 0 0 0
420123191808195916 0 0 0 0 0 0 0 0 0 0 0
420116199411285238 0 0 0 0 0 0 0 0 0 1 0
42011719981015125X 0 0 0 0 0 0 0 0 0 0 0
420102197907170015 0 0 0 1 0 0 0 0 0 0 0
420116198604158038 0 0 0 0 0 0 0 0 0 0 1
420102199110231238 0 0 0 0 0 0 0 0 0 0 0
420107195804151527 0 0 0 0 0 0 0 0 0 0 0
420117199205171236 0 0 0 0 0 0 0 1 0 0 0
420117200407317921 0 0 0 0 0 0 0 0 0 0 0
420106198904144065 0 0 0 1 0 0 0 1 0 0 0
420124193803239460 0 0 0 0 0 0 0 0 0 0 0
420105198811021211 0 0 0 1 0 0 0 1 0 0 0
420116199111083343 0 0 0 0 0 0 0 0 0 0 0
420103196110060814 0 0 0 0 0 0 0 0 0 0 0
420102195008080332 0 0 0 0 0 0 0 0 0 0 0
420102195007130027 0 0 0 1 0 0 0 1 0 0 0
420124195210260861 0 0 0 0 0 0 0 0 0 0 0
132442197304030814 0 0 0 0 0 0 0 0 0 0 1
422801198102222410 0 0 0 1 0 0 0 1 0 0 0
42280219880406509X 0 0 0 1 0 0 0 0 0 0 0
420104199212100020 0 0 0 1 0 0 0 0 0 0 0
