420102197203051026 0 0 0 1 0 0 0 0 0 0 0
420116198707284141 0 0 0 1 0 0 0 1 0 0 0
420116199009104187 0 0 0 0 0 0 0 0 0 0 0
420104197108241641 0 0 0 0 0 0 0 1 0 0 0
420106196206242072 0 0 0 0 0 0 0 0 0 0 0
420103196912082820 0 0 0 0 0 0 0 1 0 0 0
420106197509061222 0 0 1 1 0 0 0 0 0 0 0
420102200602180014 0 0 0 0 0 0 0 0 0 0 0
420102199612020043 0 0 0 1 0 0 0 1 0 0 0
420102193610261436 0 0 0 0 0 0 0 0 0 0 0
420116199212074227 0 1 0 1 0 0 0 0 0 0 0
42012319610522172X 0 0 0 0 0 0 0 0 0 0 0
420400197211100020 0 0 0 1 0 0 0 0 0 0 0
420102195703053133 0 0 0 0 0 0 0 0 0 0 0
420102195410303311 0 0 1 1 0 0 0 1 0 0 1
420102199304022418 0 1 0 1 0 0 0 1 1 0 0
420117199911043530 0 0 0 1 0 0 0 0 0 0 0
420116198812108043 0 0 0 0 0 0 0 0 0 0 0
420116198912083795 0 0 0 1 0 0 0 0 0 0 0
420104197211060435 0 0 0 0 0 0 0 0 0 0 0
420105196302082420 0 0 0 0 0 0 0 0 0 1 0
420116199112284120 0 0 0 1 0 0 0 0 0 0 0
420102199008141025 0 0 0 0 0 0 0 1 0 0 1
420102192305070022 0 0 0 0 0 0 0 0 0 0 1
420102200902123724 0 0 0 0 0 0 0 0 0 0 0
420117199501233948 0 0 0 0 0 0 0 0 0 0 0
420105199411290011 0 0 0 1 0 0 0 0 0 1 0
420102195911230042 0 1 0 1 0 0 0 1 0 0 0
420117200603113512 0 0 0 0 0 0 0 0 0 0 0
420117199604151267 0 0 0 1 0 0 0 1 1 0 0
420102195412010037 0 0 0 1 0 0 0 0 0 0 0
420102198311111748 0 0 0 1 0 0 0 1 0 0 0
420102199408244015 0 0 0 0 0 0 0 0 0 1 0
42010219560507351X 0 0 0 1 0 0 0 0 0 0 0
420101198907267034 0 1 1 1 0 0 0 0 0 0 0
420102197107191432 0 0 0 0 0 0 0 0 0 0 0
420106198612264057 0 0 0 1 0 0 0 1 0 0 1
42010319911116044X 0 0 0 1 0 0 0 1 0 0 1
42010419530617361X 0 0 0 0 1 0 0 1 0 0 0
420124197605171213 0 0 0 1 0 0 0 0 0 0 0
42010220051105002X 0 0 0 1 0 0 0 0 0 0 0
420113198901270019 0 0 0 0 0 0 0 0 0 0 0
420102197710020312 0 0 0 0 0 0 0 0 0 0 0
420106194708282411 0 0 0 1 0 0 0 0 0 0 0
420105194608100012 0 0 0 0 0 0 0 0 0 0 0
420116199109013055 0 0 0 0 0 0 0 0 1 0 0
420101201207127537 0 0 0 0 0 0 0 0 0 0 1
420102196302190342 0 0 0 1 0 0 0 0 0 0 0
513227194810254224 0 0 0 1 0 0 0 1 1 0 0
420106198711062047 0 0 0 0 0 0 0 1 0 0 0
420104195203204719 0 0 0 0 0 0 0 0 0 0 0
420281197908283434 0 0 0 1 0 0 0 0 0 0 0
420102195705041419 0 0 0 1 0 0 0 0 0 0 0
420116198709137321 0 0 0 1 0 0 0 0 0 0 0
420102197304140028 0 0 0 0 0 0 0 0 0 0 0
420111194901292313 0 0 0 0 0 0 0 0 0 0 0
420102197101090024 0 0 0 1 0 0 0 0 0 1 1
420114200811070503 0 0 0 0 0 0 0 0 0 0 0
42010319761212531X 0 0 0 0 0 0 0 0 0 0 0
420102197710101219 0 0 0 0 0 0 0 0 0 0 1
420105199205051220 0 0 0 1 1 0 0 1 0 0 0
42010219210826061X 0 0 0 0 0 0 0 0 0 0 0
420102199401201434 0 0 0 1 1 0 0 1 0 0 0
420116198711063018 0 0 0 1 0 0 0 0 0 0 1
420116199307213023 0 0 0 0 0 0 0 0 0 0 0
420116199305224124 0 0 0 1 0 0 1 1 1 0 0
420102198601221451 0 0 0 0 0 0 0 0 0 0 1
420104198407071237 0 0 0 0 0 0 0 0 0 0 0
420102194710251029 0 1 0 1 0 0 0 0 0 0 0
420104196710100820 0 1 0 1 0 0 0 1 0 0 0
420102195412080027 0 0 0 1 0 0 0 0 0 0 0
420105196007261215 0 0 0 0 0 0 0 0 0 0 0
420116198910133090 0 0 0 1 0 0 0 0 0 0 0
420102195310042441 0 0 0 0 0 0 0 0 0 0 0
42010219880805032X 0 0 0 0 0 0 0 0 0 1 0
420114199308030728 0 0 0 0 0 0 0 0 0 0 0
420111200904065560 0 0 0 0 0 0 0 0 0 0 0
420821198109152316 0 0 0 1 0 0 0 0 0 0 0
420102196504111710 0 0 0 0 0 0 0 0 0 0 1
420103197007024625 0 0 0 0 0 0 0 0 0 1 0
420121195606163452 0 0 0 0 0 0 0 0 0 0 0
420116198511088018 0 0 0 0 0 0 0 0 0 0 0
420106198807044417 0 0 0 1 0 0 0 0 0 0 0
420100200809177733 0 0 0 0 0 0 0 0 0 0 0
420102196201250318 0 0 0 0 0 0 0 1 0 1 1
420101200902162006 0 0 0 0 0 0 0 0 0 0 0
420102195508230341 0 0 0 0 0 0 0 0 0 0 1
420106198211058447 0 0 0 1 0 0 0 1 0 0 0
420116199505144129 0 0 0 0 0 0 0 0 0 0 1
420111200909053112 0 0 0 0 0 0 0 0 0 0 0
420105196811250445 0 0 0 1 1 0 0 1 0 0 0
420116200103034117 0 0 0 1 0 0 0 1 0 0 0
42010719730516332X 0 0 0 0 0 0 0 0 0 0 0
420111196801245631 0 0 0 0 0 0 0 0 0 0 1
420116198509213326 0 0 0 0 0 0 0 0 0 0 0
420111197505082342 0 0 0 1 0 0 0 0 0 0 0
420102195107090018 0 0 0 0 0 0 0 0 0 1 0
420116198705113349 0 0 0 0 0 0 0 0 0 0 0
420107198404170538 0 0 0 1 0 0 0 0 0 0 0
42011619900722373X 0 0 0 1 0 0 0 0 0 0 0
420112198901110916 0 1 0 1 0 0 0 1 0 1 1
420702198710187849 0 0 0 0 0 0 0 1 0 0 0
420115198602015125 0 0 0 0 0 0 0 1 0 0 1
420103193809013225 0 0 0 0 0 0 0 0 0 0 0
42011419800404451X 0 0 0 1 0 0 0 0 0 0 0
420124197304149418 0 0 0 0 0 0 0 0 0 0 0
420104195106122041 0 0 0 0 0 0 0 0 0 0 0
420102196809110014 0 0 0 1 0 0 0 0 0 0 0
420100194409301776 0 0 0 1 0 0 0 1 0 0 0
420111197907103417 0 1 0 1 0 0 0 0 1 0 0
42010119731220032X 0 0 0 0 0 0 0 0 0 0 0
652402197203300345 0 0 0 1 0 0 0 0 0 0 0
420122197610044718 0 0 0 1 0 0 0 1 0 0 0
420114200801070024 0 0 0 0 0 0 0 0 0 0 0
420105199509052847 0 0 0 1 0 0 0 1 0 1 0
420116198602144126 0 0 0 0 0 0 0 0 0 0 0
420117199702103138 0 0 0 0 0 0 0 0 0 0 1
420106195208073220 0 0 0 0 0 0 0 1 0 0 0
420102195206092027 0 0 0 0 0 0 0 0 0 0 0
420104199503110835 0 0 0 0 0 0 0 0 0 0 0
420106196912084913 0 0 0 0 0 0 0 1 0 0 0
420116199408104117 0 0 0 1 0 0 0 0 1 0 1
420123198106022051 0 0 0 0 0 0 0 0 0 0 0
420121197105262822 0 1 0 1 0 0 0 1 0 0 0
420102198911011222 0 0 0 1 0 0 0 0 0 0 0
420102199108200029 0 0 0 0 0 0 0 1 0 0 0
420102196311261712 0 0 0 0 0 0 0 0 0 0 1
42010219880428003X 0 0 0 1 0 0 0 0 0 0 0
420116200406116224 0 0 0 0 0 0 0 0 0 0 0
422101197805139119 0 0 0 1 0 0 0 0 0 0 0
420102198803110039 0 0 0 0 0 0 0 0 0 0 0
420116199305171114 0 0 0 0 0 0 0 0 0 0 0
420116199912272742 0 0 0 0 0 0 0 0 0 0 0
420116200806227310 0 0 0 0 0 0 0 0 0 0 0
420114200409164317 0 0 0 0 0 0 0 0 0 0 0
420102194007100026 0 0 0 0 0 0 0 0 0 0 0
420102192603200622 0 0 0 0 0 0 0 0 0 0 1
420983196704049212 0 0 0 0 0 0 0 0 0 0 0
421022199001250676 0 1 1 1 0 0 1 1 0 0 0
420103196306023783 0 0 0 0 0 0 0 1 0 1 0
420104199208142420 0 0 0 1 0 0 0 0 0 0 0
420102196507010069 0 0 0 1 0 0 0 0 0 0 0
420117200110099118 0 0 0 0 0 0 0 0 0 0 0
420106195703132013 0 0 0 0 0 0 0 0 0 0 0
420106198810252014 0 0 0 1 0 0 0 0 0 0 0
42010420010709201X 0 0 0 0 0 0 0 0 0 0 0
340881198706011948 0 0 0 0 0 0 0 1 0 0 0
420117200203032326 0 0 0 0 0 0 0 0 0 0 0
420102198903130037 0 1 0 1 0 0 0 0 0 1 1
420102195004020623 0 0 0 0 0 0 0 0 0 0 0
420102200012190028 0 0 0 1 0 0 0 1 0 0 0
420122197112291628 0 0 0 0 0 0 0 0 0 0 0
420102192712260827 0 0 0 0 0 0 0 0 0 0 0
420103193403240436 0 0 0 0 0 0 0 0 0 0 0
420107199201291588 0 0 0 1 0 0 0 0 0 0 1
42012319700120177X 0 0 0 0 0 0 0 0 0 0 0
420102199812280317 0 0 0 0 0 0 0 0 0 0 0
420102195706173747 0 0 0 1 0 0 0 0 0 0 0
422101197105187160 0 0 0 0 0 0 0 0 0 0 0
420400197204033819 0 1 0 1 0 0 0 0 0 0 0
42011519941101006X 0 0 0 0 0 0 0 0 0 0 0
420104192801241233 0 0 0 0 0 0 0 0 0 0 0
420103195109242034 0 0 0 1 0 0 0 0 0 0 0
420102195603241452 0 0 0 0 0 0 0 0 0 0 0
420102197901084044 0 0 0 1 0 0 0 0 0 0 0
420121195501214823 0 0 0 0 0 0 0 0 0 0 0
420115199506298318 0 0 0 1 0 0 0 0 1 0 0
420103199109061223 0 0 0 1 0 0 0 1 0 0 0
420106195201202026 0 0 0 0 0 0 0 0 0 0 0
420115200312086611 0 0 0 1 0 0 0 0 0 0 0
412728197502282576 0 0 1 1 0 0 0 1 1 0 0
420104198605041223 0 0 0 0 0 0 0 0 0 0 0
420115200809166617 0 0 0 0 0 0 0 0 0 0 0
420117199005107512 0 0 0 0 0 0 0 0 0 0 0
420106200404134098 0 0 0 0 0 0 0 0 0 0 0
420102197010150028 0 0 0 1 0 0 0 0 0 0 0
420102196007230014 0 0 0 0 0 0 0 0 0 0 0
420102198711111720 0 0 0 0 0 0 0 1 0 0 0
420123194112034173 0 0 0 0 0 0 0 0 0 0 0
420115191910200929 0 0 0 0 0 0 0 0 0 0 0
420103197501072825 0 0 0 1 0 0 0 0 0 0 0
42011720060913041X 0 0 0 0 0 0 0 0 0 0 0
420115199803120516 0 0 0 0 0 0 0 0 0 0 1
420102195501060060 0 0 0 0 0 0 0 0 0 0 0
420107198110251519 0 0 0 1 0 0 0 0 0 0 0
420102195312270384 0 0 0 0 0 0 0 0 0 0 1
420112198909172767 0 0 0 0 0 0 0 0 0 0 0
420102195912110042 0 0 0 1 0 0 0 0 0 0 0
420102195712220327 0 0 0 1 0 0 0 0 0 0 0
420116198910203028 0 0 0 1 0 0 0 0 1 0 0
420115200803015156 0 0 0 0 0 0 0 0 0 0 0
420102194410100042 0 0 0 0 0 0 0 0 0 0 0
420106199203252463 0 0 0 1 0 0 0 1 1 0 0
420103196002242039 0 0 0 0 0 0 0 0 0 0 0
420124196310012325 0 0 0 0 0 0 0 0 0 0 0
420116199007224126 0 1 0 1 0 0 0 0 0 0 0
42010219970328401X 0 0 1 1 0 0 1 1 0 0 1
42010219950328121X 0 0 0 0 0 0 0 1 0 0 0
420111198402194020 0 0 0 1 0 0 0 0 0 0 0
430921198607270128 0 0 0 0 0 0 0 0 0 0 0
420114199601194510 0 0 0 1 0 0 0 0 0 0 1
420105196006080025 0 0 0 0 0 0 0 0 0 0 1
42010619470327405X 0 0 0 1 0 0 0 0 0 0 0
420103195604110020 0 0 0 1 1 0 0 1 0 0 0
420106196212186310 0 0 0 1 0 0 0 0 0 0 0
420104198209070428 0 0 0 1 1 0 0 1 0 0 1
420104192912283647 0 0 0 0 0 0 0 0 0 0 0
42010219690305205X 0 0 0 1 0 0 0 0 0 0 0
412722197101150021 0 0 0 1 0 0 0 1 0 0 0
420107196509120044 0 0 0 0 0 0 0 0 0 0 0
420112196908122734 0 0 0 0 0 0 0 0 0 0 0
42010719920622152X 0 0 0 1 0 0 0 0 0 0 1
420102196607020010 0 0 0 0 0 0 0 0 0 0 0
420124194207229412 0 0 0 0 0 0 0 0 0 0 0
420124198010231242 0 0 0 0 0 0 0 0 0 0 0
420124197801173574 0 0 0 1 0 0 0 0 0 0 0
420102199205151011 0 0 0 1 0 0 0 1 0 0 1
420116199309283017 0 0 0 0 0 0 0 0 0 0 0
420821197611044041 0 0 0 0 0 0 0 0 0 0 0
420102195711290323 0 0 0 0 1 0 0 1 0 0 0
420124195307206749 0 0 0 0 0 0 0 0 0 0 1
420123197809183711 0 0 0 1 0 0 0 0 0 1 0
420123194903206242 0 0 0 0 0 0 0 0 0 0 0
420102196111180045 0 0 0 1 1 0 1 1 0 0 0
420104195611291217 0 0 0 1 0 0 0 1 0 0 0
42010319820222001X 0 0 0 0 0 0 0 0 0 0 0
420115198708177915 0 0 0 0 0 0 0 0 0 0 0
420102197511121719 0 0 0 1 0 0 0 0 0 0 1
420117199301158728 0 0 0 0 0 0 0 0 0 0 0
420124197701097543 0 0 0 0 0 0 0 0 0 0 0
420117199005041269 0 0 0 0 0 0 0 0 0 0 0
420116199401253013 0 0 0 1 0 0 0 0 0 0 0
420528198801014743 0 0 0 0 0 0 0 0 0 0 0
420102198008270025 0 0 0 1 0 0 0 0 0 0 0
420103198909220435 0 1 0 1 0 0 0 1 0 0 0
420106196905044868 0 0 0 0 0 0 0 0 0 0 0
420104198402264320 0 1 0 1 0 0 0 1 0 0 0
420106199802182022 0 1 0 1 0 0 0 0 0 0 0
420106195511030020 0 0 0 0 0 0 0 0 0 0 0
420105200907213218 0 0 0 0 0 0 0 1 0 0 0
420116199102173320 0 0 0 0 0 0 0 0 0 1 0
42011619930203734X 0 0 1 1 0 0 0 1 1 0 0
420116199010224135 0 0 0 0 0 0 0 0 0 0 0
422226197202250056 0 0 0 1 0 0 0 0 0 0 0
420112199207161515 0 1 0 1 0 0 0 0 0 0 0
420123196606214122 0 0 0 0 0 0 0 0 0 0 0
420106197812084507 0 0 0 1 0 0 0 0 0 0 0
42010219640601209X 0 0 0 1 0 0 0 1 0 0 0
420102195812040040 0 0 0 1 0 0 0 1 0 0 0
420116198908284156 0 0 0 1 0 0 0 0 0 0 0
420102196201170318 0 0 0 0 0 0 0 0 0 0 0
421302199006147687 0 0 0 1 0 0 0 0 0 0 0
42010219900326101X 0 0 0 1 0 0 0 0 1 0 1
420102195707150010 0 0 0 1 0 0 0 0 0 0 0
420116199311014123 0 0 0 1 0 0 0 1 0 0 0
420124195701274328 0 0 0 0 0 0 0 0 0 0 0
42010219740923002X 0 0 0 0 0 0 0 0 0 0 0
420103196308181224 0 0 0 0 0 0 0 0 0 0 0
420111196904183429 0 0 0 0 0 0 0 0 0 0 0
420124198210209410 0 0 0 0 0 0 0 0 0 0 0
42010619870911205X 0 0 0 1 0 0 0 0 1 0 1
420102197503233710 0 0 0 0 0 0 0 0 0 0 1
420116199507015259 0 0 0 0 0 0 0 1 1 0 0
420124196506220839 0 0 0 1 0 0 0 0 0 0 0
420116199312204121 0 0 0 0 0 0 0 1 0 0 0
420102195609130016 0 0 0 1 1 0 0 1 0 0 0
420106198207202047 0 1 1 1 1 0 1 1 0 1 0
420116199110173769 0 0 0 1 0 0 0 0 0 0 1
420106195206181244 0 0 0 1 0 0 0 0 0 0 0
420122198108194424 0 0 0 1 0 1 0 1 0 0 0
140211198704130514 0 0 0 0 0 0 0 0 0 0 0
429004198909222560 0 0 0 1 0 0 0 1 0 0 0
420105195911274220 0 0 0 0 0 0 0 0 0 0 0
42010319690506371X 0 0 0 0 0 0 0 1 0 0 0
420105194402120819 0 0 0 0 0 0 0 0 0 0 0
420102198609061712 0 0 0 1 0 0 0 1 0 0 1
420122198702034706 0 0 0 0 0 0 0 0 0 0 0
420102196312060031 0 0 0 0 0 0 0 0 0 0 0
42010219560216175X 0 0 0 0 0 0 0 0 0 0 0
420102195711130354 0 0 0 0 0 0 0 0 0 0 0
420103198601223728 0 0 0 0 0 0 0 0 0 0 0
420116200712234149 0 0 0 1 0 0 0 0 0 0 0
420116198705083784 0 0 0 1 0 0 0 1 0 0 0
420102194103132829 0 0 0 0 0 0 0 0 0 0 0
420104198703021226 0 0 0 0 0 0 0 1 0 0 0
510113196902185310 0 0 0 0 0 0 0 0 0 0 0
420102200108171411 0 0 0 0 0 0 0 0 0 0 0
420116198502283743 0 0 0 0 0 0 0 0 0 0 0
420102197101260038 0 0 0 1 0 0 0 1 0 0 0
42010319201125122X 0 0 0 0 0 0 0 0 0 0 0
420112199406032716 0 0 0 1 0 0 0 1 0 0 0
420700195403202416 0 0 0 0 0 0 0 0 0 0 0
420102196206051422 0 0 1 1 0 0 0 0 0 0 0
42010619560404283X 0 0 0 0 0 0 0 0 0 0 0
420116199303043039 0 0 0 0 0 0 0 0 0 0 1
420124195404123523 0 0 0 0 0 0 0 0 0 0 0
420102199209092020 0 0 0 0 0 0 0 1 0 0 0
42010219721025004X 0 0 0 0 0 0 0 0 0 0 0
420102196810251738 0 0 0 0 0 0 0 0 0 0 0
420102196402261443 0 0 0 0 0 0 0 0 0 0 0
420117200001289422 0 0 0 0 0 0 0 0 0 0 0
42010219850506031X 0 0 0 0 0 0 0 1 0 0 0
420102199108143343 0 0 0 1 0 0 0 0 0 0 0
310110196712186818 0 1 0 1 0 0 0 0 0 0 0
420106195901274063 0 0 0 0 0 0 0 1 0 0 0
420102195411170311 0 0 0 1 0 0 0 0 0 0 0
420116199502252722 0 0 0 0 0 0 0 0 0 0 0
420106198808033218 0 0 1 1 0 0 1 1 0 0 0
420106201010268418 0 0 0 1 0 0 0 0 0 0 0
420102197004080027 0 0 0 1 0 0 0 0 0 0 0
420106201011183643 0 0 0 0 0 0 0 0 0 0 0
420102193805210022 0 0 0 0 0 0 0 0 0 0 0
421125198409120074 0 0 0 1 0 0 0 1 0 0 0
420102196902121447 0 0 0 1 0 0 0 0 0 0 0
42010219220430001X 0 0 0 0 0 0 0 0 0 0 0
420102198211200321 0 0 0 1 0 0 0 0 0 0 0
420102198709241024 0 0 0 1 0 0 0 0 0 0 0
420102199503250026 0 0 0 1 0 0 0 0 0 0 0
420102194610150642 0 0 0 1 0 0 0 0 0 0 0
420105199101190816 0 0 0 0 0 0 0 1 0 0 0
42012419771213942X 0 0 0 0 0 0 0 0 0 0 0
420117200008211257 0 0 0 0 0 0 0 0 0 0 0
420124196403119412 0 0 0 0 0 0 0 0 0 0 0
420102195002120348 0 0 0 0 0 0 0 0 0 0 0
420102198801101462 0 1 0 1 0 0 0 0 0 0 0
420102198907261413 0 0 0 0 0 0 0 0 0 0 0
420123196210153386 0 0 0 0 0 0 0 0 0 0 0
420102195402231012 0 0 0 0 0 0 0 0 0 0 0
420102198006110079 0 0 0 0 0 0 0 0 0 0 0
429004195003182968 0 0 0 0 0 0 0 0 0 0 0
420103196210253752 0 0 0 1 0 0 1 1 0 0 0
420102199109171223 0 0 0 1 0 0 1 1 0 0 0
420102195105041212 0 0 0 0 0 0 0 0 0 0 0
420102199404010027 0 0 0 0 0 1 0 1 0 0 0
420117199005210130 0 0 0 1 0 0 0 0 0 0 0
420106197402251229 0 0 0 1 1 0 1 1 0 0 0
42010219891027141X 0 0 0 0 0 0 0 0 0 0 0
420116199504075248 0 0 0 0 0 0 0 0 0 1 0
420102196208200049 0 0 0 1 0 0 0 0 0 0 0
420103195410282078 0 0 0 0 0 0 0 0 0 0 0
420102198411131738 0 0 0 0 0 0 0 0 0 0 1
420116198910204151 0 0 0 0 0 0 0 0 0 0 0
42011519870803982X 0 0 0 0 0 0 0 0 0 0 1
420106197206224039 0 0 1 1 0 0 0 0 1 0 0
420111200406264049 0 0 0 1 0 0 0 0 0 0 0
420323198712232041 0 0 0 0 0 0 0 0 0 0 0
420103195410110022 0 0 0 1 0 0 0 1 1 0 1
420102198806202828 0 0 0 1 0 0 0 0 0 0 0
420111198912120013 0 0 0 1 0 0 0 0 0 0 0
420105196406250820 0 0 0 0 0 0 0 0 0 0 0
420123195304060426 0 0 0 0 0 0 0 0 0 0 0
420112195306050310 0 0 0 0 0 0 0 0 0 0 0
420123194610300024 0 0 0 0 0 0 0 0 0 0 1
