420104199212100020 0 1 0 0 0 0 0
420102195607303315 0 0 0 0 0 0 0
420115198010048716 0 0 0 0 0 0 0
420102198404130323 0 1 0 1 0 0 0
420102196809220037 0 0 0 0 0 0 0
420116198405081410 0 0 0 0 0 0 0
420104196603130418 0 1 0 0 0 0 0
420102198709251441 0 1 0 0 0 0 0
420111198903180014 0 0 0 0 0 0 0
420102199112171443 0 0 0 0 0 0 0
420102194610070028 0 0 0 0 0 0 1
420104199407140030 0 1 0 0 1 0 0
420116198201017628 0 1 0 0 0 0 0
420116201006093339 1 1 0 0 0 0 0
420104199805013635 1 1 0 0 0 0 0
420102196111122427 0 0 0 0 0 0 0
420105196803010417 0 1 0 1 0 0 0
420102193211141728 0 0 0 0 0 0 1
420102197807150316 0 1 0 0 0 0 0
420102200512230313 0 1 0 0 0 0 0
420102198501111722 0 1 0 1 0 0 0
420115198207243216 0 0 0 0 0 0 0
420116198908125243 0 1 0 0 0 0 0
420102199403180817 0 1 0 1 1 0 0
420123195312212020 1 1 0 0 0 0 0
420102198204130011 0 0 0 1 0 0 0
42011420100615221X 0 0 0 0 0 0 0
420102195912220014 0 0 0 0 0 0 1
420105199109052426 0 1 0 1 0 0 0
420103196304090835 1 1 0 0 0 0 0
420116199204064168 0 1 1 1 0 0 1
610425198911083783 0 1 0 0 0 0 0
420105199310071223 0 1 0 1 0 0 0
420116199310054123 1 1 0 0 0 0 1
420101200706152003 0 0 0 0 0 0 0
420102194905190019 0 1 0 0 0 0 0
420117199606044713 0 0 0 0 0 0 0
420116199208115217 0 0 0 0 0 0 0
420102195710170821 0 0 0 0 0 1 0
420122196507253621 0 0 0 0 0 0 1
420102192706120019 0 0 0 0 0 0 0
420105198805161218 0 0 0 0 1 1 0
420102199606040013 0 0 0 0 0 0 1
420117198805201246 0 1 0 0 0 0 0
420103196812153249 0 1 0 1 0 0 1
420111197510032366 0 0 0 0 0 0 0
420104196106061263 0 1 0 1 0 0 0
420105193510052820 0 0 0 0 0 0 0
420103199108270429 0 1 0 1 0 0 0
42010219770110002X 0 1 0 1 0 0 0
420822198712024913 0 1 0 0 0 0 0
420103195502102812 0 1 0 0 0 0 0
420102198404170018 0 0 0 0 0 0 0
420116199409084146 0 0 0 0 0 1 0
420102197705050023 1 1 0 0 0 0 0
420102195502271767 1 1 0 0 0 0 0
420102198203140023 0 0 0 0 0 0 1
422301198511160022 0 0 0 0 0 0 0
420102193704130023 0 0 0 0 0 0 0
420103194810272026 0 0 0 0 0 0 0
420102195412140069 0 1 0 1 0 0 0
42010419610217042X 1 1 0 0 0 0 0
420104193911220040 0 0 0 0 0 0 0
420106199007162022 1 1 0 0 0 0 0
420102195102270060 0 0 0 0 0 0 0
420106196301126029 0 1 0 1 0 0 0
429004198907092627 0 1 0 0 0 0 0
420102198807151428 0 1 0 1 0 1 0
420124193410129420 0 0 0 0 0 0 0
420117199701020437 0 0 0 1 0 0 1
420602200011060544 0 0 0 0 0 0 0
420106195912284822 0 0 0 0 0 0 0
420116199205315221 0 1 0 1 0 0 0
420102195503260664 0 1 1 1 0 0 0
420105199306262027 0 1 0 1 1 0 0
420102193604050333 0 0 0 0 0 0 0
420116198910103764 0 1 1 1 1 1 0
420116199102164133 0 0 0 0 0 0 0
420103195612073266 1 1 0 1 0 0 0
420111196905284061 1 1 0 1 0 0 1
420102198202070035 0 1 1 1 0 0 0
420124193711254727 0 0 0 0 0 0 0
420102195302280060 0 0 0 0 0 0 0
420116199212154120 0 0 0 1 0 0 0
420116198807184113 0 1 0 0 0 0 0
420115199605130051 0 1 0 0 0 0 0
420105196306040842 0 0 0 0 0 0 0
420102195310190030 0 0 0 0 0 0 1
130128198609130612 0 0 0 0 0 0 0
421002199301043876 0 1 0 0 0 0 1
420102199703140024 1 1 0 0 0 0 0
420102195512223726 0 0 1 1 0 0 0
42010419331029401X 0 0 0 0 0 0 0
142327198703196632 0 0 0 0 0 0 0
420116199210314135 0 1 0 0 0 1 0
420102195801190043 0 0 0 0 0 0 1
42010519630731004X 0 1 0 0 0 0 0
420102199509291224 0 0 0 0 0 1 0
420116199005083104 0 0 1 1 1 0 0
420102196409040336 0 0 0 0 0 0 1
422202197902080042 0 0 0 0 0 0 0
420122197404041700 0 1 0 0 1 0 0
420102195212200071 0 1 0 0 0 0 1
420102196701120317 0 1 0 1 0 0 0
420113197310290419 0 1 1 1 1 0 0
420104199008220041 0 0 0 0 0 0 0
42011619870417377X 0 1 0 0 0 0 1
420102195805300019 1 1 0 1 0 0 0
420102195808280068 0 0 0 0 0 0 0
42010219900525063X 0 0 0 0 0 0 1
420115200411054746 0 0 0 0 0 0 0
420106199112114049 0 0 1 1 0 0 0
420102196303071011 0 0 0 0 0 0 0
420115198403203625 0 0 0 0 0 1 0
420117198610171235 0 1 0 0 0 0 0
420700196111042945 0 0 0 0 0 0 0
420116200812022442 0 0 0 0 0 0 0
420116198904073730 0 1 0 0 0 0 0
420102199109131483 0 1 0 1 0 0 0
420116200503293724 0 0 0 0 0 0 0
420102195401152873 1 1 0 0 0 0 0
420106196804230821 0 0 0 0 0 0 0
420106194001205236 0 0 1 1 0 0 1
420123194406064933 0 0 0 1 0 0 0
420116199108023788 0 0 0 0 0 0 0
420104195701151226 0 0 0 0 0 0 0
420102199101163325 0 1 0 1 0 0 0
420116199104033030 0 1 0 0 0 0 0
420106195402062429 0 0 0 0 0 0 0
42010619930420281X 0 1 0 0 0 0 0
420117200903053929 0 0 0 0 0 0 0
420116198810128032 0 0 0 0 0 0 0
420116198911296916 1 1 0 0 0 0 1
420116199401305223 0 0 0 0 0 1 1
420700196601206922 0 1 0 0 0 0 0
420102197108111414 0 0 0 0 0 0 1
420116199110073362 0 0 0 0 0 0 0
420102196401250013 0 0 0 0 0 0 0
420103198801250413 0 0 0 0 0 0 0
420102193609190028 0 0 0 0 0 0 0
420114200011130029 0 0 0 0 0 0 0
420102199710170029 0 0 0 0 0 0 0
420102197011060016 0 1 1 1 0 0 0
42010519901031203X 0 1 0 0 0 0 0
42010219470309001X 0 1 0 0 0 0 0
420117200011193598 0 0 0 1 0 0 1
420116199005223760 0 1 1 1 0 0 0
420102196301250024 0 0 0 0 0 0 0
420102196612132041 0 0 0 0 0 0 0
420124196410127525 0 0 0 0 0 0 0
420107199207011524 1 1 0 1 0 0 1
420106198905161625 0 0 0 0 0 0 0
420102194012200013 0 0 0 0 0 0 0
420105195509302043 0 0 0 0 0 0 0
42010219620116281X 0 0 1 1 0 0 0
420116198911183057 0 0 0 0 1 0 0
420106195309274486 0 0 0 0 0 0 0
42010219820729031X 0 1 0 0 0 0 0
42011619920520453X 1 1 0 1 1 0 0
420102201009130619 0 0 0 0 0 0 0
420102198106231214 0 1 0 1 0 0 0
420114199406230715 0 0 0 1 1 0 1
42010219530823003X 0 0 0 0 0 0 0
42010419940101042X 0 0 0 0 0 0 0
420104196308231670 1 1 1 1 1 0 0
420116198905083340 0 1 0 0 0 1 0
420106200908184435 0 0 0 0 0 0 0
420102196305110811 0 1 0 1 0 0 0
420112198108202786 1 1 0 1 0 0 0
420102198002171747 0 0 0 0 0 0 0
420102199305240345 0 1 0 1 0 0 0
420102197003100620 0 0 0 0 0 0 0
420114199409160011 0 0 0 0 0 0 0
421126198708105137 0 1 0 0 0 0 0
420802198507240347 0 0 0 0 0 0 0
420102194411240012 0 0 0 0 0 0 0
420115200012103213 0 0 0 0 0 0 0
420117200007229412 0 0 0 0 0 0 0
420102195201120316 0 0 0 0 0 0 0
420102196301290018 1 1 0 0 0 0 0
420106195208141211 1 1 0 0 0 0 0
420102194701270316 0 1 0 0 0 0 0
420112199701263912 0 1 0 1 0 0 0
420112199208202729 1 1 0 1 0 0 0
42011719920211392X 0 1 0 0 0 0 0
420103196907251212 0 0 0 0 0 0 0
420123196612010054 1 1 0 0 0 0 0
420102193203261711 0 0 0 0 0 0 0
420124195505269425 0 0 0 0 0 0 0
420116200611065227 0 1 0 0 0 0 0
420117199611162327 0 1 0 0 1 0 0
420102198605310021 0 0 0 0 0 0 0
420105198301040471 0 0 0 0 0 0 0
420116198502140419 0 1 0 0 0 0 0
420103194801072014 0 0 0 0 0 0 0
420105199004241220 0 0 0 0 0 0 0
420102201010160321 0 0 1 1 0 0 0
420102195606221481 0 0 0 0 0 0 0
420106200703222039 0 0 0 0 0 0 0
42010619870810201X 1 1 0 0 0 0 0
420111199311197642 0 1 0 0 0 0 0
420116199009124129 0 1 0 0 0 0 1
420116198710124157 0 0 0 1 0 0 0
420113197612240812 0 0 0 0 1 0 1
420102198609030027 0 1 0 1 0 0 0
420984198610090711 0 0 0 0 0 0 0
42212919710808004X 0 0 1 1 0 0 0
420102193903210317 0 0 0 0 0 0 0
420102193312050024 0 0 0 1 0 0 0
420102196108290016 1 1 1 1 0 0 0
420116198710224166 0 1 0 0 0 0 0
420111192510150511 0 0 0 0 0 0 0
42010219960211031X 0 0 0 0 0 0 0
420106199007244431 0 1 0 0 0 0 0
420116199311010042 0 0 0 0 0 0 0
420116199506076914 0 1 0 0 0 1 0
420105199210012031 0 1 0 0 0 0 0
420103195403201612 0 0 0 0 0 0 0
420102194603170020 0 0 0 0 0 0 0
420102195302120024 1 1 0 0 0 0 0
420102194710240311 0 0 0 0 0 0 0
420111196109090063 0 0 0 0 0 0 0
420114198504232517 0 0 0 0 0 0 0
659001199303200031 0 1 0 1 1 1 0
420102197509061710 0 1 0 0 0 0 1
422121196401033220 0 0 0 0 0 0 0
420117198605120820 0 0 0 0 0 0 0
420102195602081717 0 1 0 0 0 0 0
420102200601180020 0 1 0 0 0 0 0
420102200003090025 0 0 0 0 0 0 0
420104197012091263 1 1 0 0 0 0 1
420117201008255537 0 0 0 0 0 0 0
420116200407262426 0 0 0 0 0 0 0
420106196301164906 0 1 0 0 0 0 0
420116199407174113 0 1 0 0 0 0 0
420114200904152815 0 0 0 0 0 0 0
420102198410310339 0 0 0 0 0 0 1
420123194910060499 0 0 0 0 0 0 0
420102196912040317 0 0 0 0 0 0 0
420102197801180012 0 0 0 0 1 0 0
440106198609120021 0 1 0 1 0 0 0
420115200707145137 0 0 0 0 0 0 0
420117199211308315 0 0 0 0 1 0 1
420124196304139426 0 0 0 0 0 0 0
420112200711092112 0 0 0 0 0 0 0
420114199101020725 0 1 0 0 0 0 0
420102195509082045 0 1 1 1 0 0 0
42012319571001736X 0 0 0 0 0 0 0
420102195911051036 0 0 0 0 0 0 0
420102194907250310 0 1 1 1 0 0 0
420124197208197516 0 1 0 0 0 0 0
420112195406282426 0 0 0 0 0 0 0
420102198101170029 0 1 0 0 0 1 0
420104200412021234 0 1 0 0 0 0 0
420116199312164123 0 1 0 0 0 0 0
420124197302105534 0 1 0 0 0 0 0
420102195011120059 0 0 0 0 0 0 0
420102198706010319 0 1 1 1 0 0 0
420102196801220016 0 0 0 0 0 0 1
420106199108081643 0 1 0 0 0 0 0
420102194506260032 1 1 0 0 0 0 0
420104199008132033 0 0 0 1 0 0 0
420102199103231424 0 1 1 1 0 0 0
420116199002184145 0 0 0 0 0 0 0
420103198901190411 0 0 0 0 0 0 0
420124194711154720 0 0 0 0 0 0 0
420124197305283133 1 1 0 0 0 0 0
420107199207083712 0 0 0 0 0 0 1
420106194212264498 0 1 0 0 0 0 0
420104197708100834 0 0 0 0 0 0 0
420123198103204116 0 0 0 0 0 0 0
42010219530905244X 0 1 0 0 0 0 0
420102198111192432 0 0 0 0 0 0 1
420115199312164733 0 0 0 0 0 0 1
420103197508085725 0 0 0 0 0 0 0
42010219260709031X 0 0 0 0 0 0 0
420106200106021618 0 0 0 1 1 0 0
420117199009094325 0 0 0 0 0 0 0
420117199105123528 0 0 0 0 0 0 1
420106196308164837 0 0 0 0 0 0 0
429004198605060750 0 1 0 0 1 0 1
420107193808122054 0 0 0 0 0 0 1
420116199207294129 0 0 0 0 0 0 0
420106195312294103 0 0 0 0 0 0 1
420106197709093309 0 0 0 0 0 0 0
350127197503305269 0 1 1 1 0 0 0
420116198701054142 0 0 0 0 0 0 0
420102199705190826 0 0 0 0 0 0 0
420102195501190105 0 0 0 0 0 0 0
420115200801274736 0 0 0 1 0 0 0
42012319631113052X 0 0 0 0 1 0 1
420102196211170020 0 1 0 1 0 0 0
420106199811254024 0 0 0 0 0 0 1
420117200704082321 0 0 0 0 0 0 0
420102196104290035 0 0 0 0 0 0 0
420116198611113735 0 0 0 1 1 1 0
422601197110101218 0 1 0 0 0 0 0
420102199201060315 0 1 0 0 0 0 0
371323199907284010 0 0 0 0 0 0 0
42010219950406281X 0 1 0 0 0 0 0
420984197410165315 1 1 0 1 0 0 0
420104197012041629 0 1 0 0 0 0 0
420112199001180323 0 0 0 0 1 0 0
420104197501301612 0 0 0 0 1 0 0
420107199109233721 0 0 0 0 0 0 0
420102197804010043 0 0 0 0 0 1 0
420106199302023244 0 1 0 1 1 0 0
420105197206050829 0 0 0 0 0 0 0
420116198909174143 1 1 0 0 0 0 0
420102200410230013 0 1 0 1 0 1 0
420102199707160022 0 0 0 0 0 0 0
420102192704210029 0 0 0 0 0 0 0
420104197310061222 1 1 0 0 1 0 1
420102198312150634 0 0 0 0 0 0 0
422826199006285552 0 1 0 0 0 0 1
420102199306063328 0 0 0 0 0 0 0
420106196006274483 0 0 0 0 0 0 0
42012419740105631X 0 0 0 0 0 0 0
420105198911073617 0 0 0 0 0 0 1
420115200809220521 0 0 0 1 0 0 0
420105195501071236 0 0 0 0 0 0 0
420103196311200342 0 0 0 0 0 0 0
420123198008034120 0 0 0 0 0 0 0
420102195004040317 0 1 0 0 1 1 0
420121194512080512 0 0 0 0 0 0 0
420116198707164123 0 0 0 0 0 0 0
420102200003041717 0 0 0 0 0 0 0
422823198908092713 0 1 0 0 0 0 0
510402197603122215 0 0 1 1 0 0 1
420102195709282412 0 0 0 0 0 0 0
42011619910205302X 0 1 0 0 0 0 1
420102196201130017 0 0 0 0 0 0 0
420121192202255461 0 0 0 0 0 0 0
420102193701122810 0 0 0 0 0 0 0
420102196306300019 1 1 0 1 1 0 0
42011619910223332X 0 0 0 0 0 0 0
420116199106183729 0 0 0 0 0 0 0
42900619910123518X 0 0 0 0 0 0 1
420116199510104113 1 1 0 0 0 0 0
420124194711111245 0 0 0 0 0 0 1
420116198708013781 0 1 0 1 0 0 0
420116199408134148 0 1 0 0 0 0 0
420104197011290041 0 0 0 0 0 0 0
420102196205090040 0 1 0 0 0 0 0
420102196209021712 0 0 0 0 0 0 0
422201196902167788 0 0 0 0 0 0 0
420116199511154139 0 1 0 0 0 0 0
420116198906093751 1 1 1 1 0 0 0
420102194809183126 0 0 0 0 0 0 0
420117200307293520 0 0 0 0 0 0 0
42010219460207001X 0 0 0 0 0 0 0
420103199108241222 0 1 0 1 0 0 0
420117200003251217 0 0 0 0 0 0 0
42010719751006411X 0 1 0 0 0 0 0
420102199012120315 0 0 0 0 1 0 1
420104194304303324 0 0 0 0 0 0 1
420102196202140065 0 0 0 0 0 0 0
420116199312233010 0 1 1 1 0 0 0
420102195610280011 1 1 0 0 0 1 1
420124192302019414 0 0 0 0 0 0 0
429006198709094288 0 1 0 0 0 0 0
420116198701262013 0 0 0 0 0 0 0
420102195910100027 0 1 0 1 0 0 0
420104194911252047 0 1 0 0 0 0 0
420106197202090045 1 1 0 0 0 0 1
42012419630221316X 0 0 0 0 0 0 0
420106200506183616 0 0 0 0 0 0 0
420102195908200010 0 0 0 0 0 0 0
420103196701021622 1 1 1 1 0 0 1
422121197210132028 0 0 0 0 0 0 0
420116199006103381 0 1 0 0 1 0 0
420114198012204528 0 0 0 0 0 0 0
420102198208291429 1 1 0 0 0 0 0
420106196710122424 0 1 0 0 0 0 0
420123195506144134 0 0 0 0 0 0 0
42010219391022002X 0 0 0 0 0 0 0
420106196609254895 0 1 0 0 1 0 0
420102198305300016 0 1 0 0 1 0 0
420102193512021412 0 0 0 0 0 0 0
420103197910313730 0 1 0 1 0 0 0
420124197812255540 0 1 0 0 0 0 0
420124195009049423 0 0 0 0 0 0 0
420102193110260023 0 0 0 0 0 0 0
420123198101275623 0 0 0 0 0 0 0
412821195112292025 0 0 0 0 0 0 0
420116199310084111 0 1 0 0 1 0 0
420103196607051219 0 0 0 0 0 0 0
42010619910711321X 0 0 0 0 0 0 0
420106199108313213 0 1 0 1 0 0 0
420124196211100442 0 0 0 0 0 0 0
420123198212094550 0 0 0 0 0 0 0
420106197009243230 0 0 0 0 0 0 0
420102195408290021 0 0 0 0 0 1 0
420107198909173718 0 0 0 1 0 0 0
420102196206151423 0 0 0 0 0 0 0
420703196804200028 0 0 0 0 0 0 0
420922198309190036 0 0 0 1 1 1 0
420117201203046749 0 0 0 0 0 0 0
420106198612210411 0 1 0 0 0 0 0
42012419810811874X 1 1 0 0 0 0 0
420106194204095612 0 0 0 0 0 0 0
420117201204234725 0 0 0 0 0 0 0
420103195406013246 0 0 0 0 0 0 0
420103195906091240 0 1 0 0 0 0 0
420111199507184034 0 0 0 0 0 0 0
420117198811197933 0 0 0 0 1 0 0
420116199203053045 0 0 0 0 0 0 0
420102198801220023 0 0 0 0 0 0 0
420106196311051251 0 0 0 0 0 1 0
420102198607151765 0 1 1 1 1 0 1
420103196202283724 0 1 0 1 0 0 0
420102200512260029 1 1 0 1 0 0 0
429005198603167307 0 1 0 0 0 0 0
420116199112205947 0 0 0 0 0 0 0
420102195302021720 0 1 0 0 0 0 0
420102196312031441 0 1 0 0 0 0 0
420103196101231212 0 0 0 0 0 0 1
420117201112200421 0 0 0 0 0 0 0
420103198701251224 0 0 0 0 0 0 0
42010219830830002X 0 1 0 0 0 0 0
420102196002070031 0 1 0 0 0 0 0
420116199101093089 0 1 0 0 0 0 0
420116198709253816 1 1 1 1 0 0 0
420106198306113664 0 1 0 0 0 1 1
420102197910270017 0 0 0 0 1 0 1
420116198908104194 0 1 0 0 0 0 0
450325198812061225 0 0 0 0 0 0 1
420116198804010417 0 0 0 0 0 0 0
420104195011281621 0 1 1 1 0 0 0
420102197206260368 0 1 0 1 0 0 0
420103199202130422 0 1 0 0 0 1 0
420102197610100016 0 1 0 0 0 0 0
420104193112181225 0 0 0 0 0 0 0
420102195508280090 0 0 0 1 0 0 0
420102199802222041 0 0 0 1 0 1 0
421102198902170812 0 0 0 0 0 0 0
420116199008063344 0 0 0 0 0 0 0
430524198208135305 0 0 0 0 0 0 0
420124197403085528 0 1 0 0 0 0 0
420103199510280422 0 1 0 1 0 0 1
420102195903210017 0 0 0 0 0 0 1
420102193602240029 0 0 0 0 0 0 0
42010219231113001X 0 0 0 0 0 0 0
420102198402160385 1 1 0 0 0 0 0
420116199306081129 0 0 0 0 0 0 0
420105198911153617 0 0 0 1 0 0 0
420105199401012827 0 0 0 0 0 0 0
420116199206284121 0 0 0 0 0 0 0
420106198712242031 0 0 0 0 0 0 0
420116198901293025 0 1 0 1 0 0 0
370782198705060517 0 0 0 0 0 0 0
420102196204151745 0 0 0 0 0 0 0
420105198911222416 0 0 0 0 0 0 0
42010319910226372X 0 0 0 0 0 0 0
42010620101026322X 0 0 0 0 0 0 1
420123196806260019 0 0 0 0 0 0 0
420105195806261225 0 0 0 0 0 0 1
420112196810200343 0 0 0 0 0 0 1
420102198802250021 0 0 0 1 0 0 0
420102196010150322 1 1 0 1 0 0 0
420124196406249423 0 0 0 0 0 0 0
420102193601100817 0 0 0 0 0 0 0
420124195507264716 0 1 0 1 0 0 0
420123193202091716 0 0 0 0 0 0 0
420106199002268442 0 0 0 0 0 0 0
420104199210274326 0 1 1 1 0 0 0
420122197806094039 1 1 1 1 0 0 0
420103195804032426 0 0 0 1 0 0 0
420102194905300011 0 0 0 0 0 0 0
420124197706199418 0 0 0 0 0 1 0
420114199202244322 0 0 0 0 0 0 0
42010419700701364X 1 1 0 0 0 0 0
420116199110135623 0 0 0 1 0 0 1
42010219861119002X 0 0 0 0 0 0 0
420103198807251222 0 1 0 1 1 0 0
420105200401260826 0 0 0 0 0 0 0
420102194802180010 0 0 0 0 0 0 0
420102197105100015 0 0 0 0 0 0 0
420102198207140063 0 1 0 1 0 0 0
420123193201291425 0 0 0 0 0 0 0
420114197312030027 0 0 0 1 0 0 0
420116199208065280 0 1 0 0 0 0 0
429001198309035180 1 1 0 1 0 1 0
42010619520925447X 0 1 0 0 0 0 0
420106196604284999 0 0 0 0 0 0 0
420117198910079414 0 1 0 0 0 0 0
420116198610173779 0 0 0 0 0 0 0
420102196503220026 1 1 0 1 0 0 0
421127199110083245 0 1 0 0 0 0 0
420121198111122265 0 1 0 0 0 0 0
420123195001030414 0 0 0 0 0 0 0
420102196810130311 0 0 0 0 0 0 0
420124196807149423 0 0 0 0 0 0 0
42010219890817002X 0 0 0 0 0 0 0
420105195205111619 0 1 0 1 0 0 0
420106196901211657 0 0 0 0 0 0 0
420111200402234037 0 0 0 0 0 0 0
420105192511020447 0 0 0 0 0 0 0
411122197004180540 0 1 0 0 0 0 0
420102193309242017 0 0 0 0 0 0 0
420102195707300824 1 1 0 1 0 0 0
420123196208232413 0 0 0 0 0 0 0
420102199110264048 0 0 0 0 0 0 0
420984199103221718 0 0 0 1 0 0 0
420115199105059826 0 1 0 0 0 0 0
420111196603202315 0 0 0 0 0 0 0
422202196403130821 0 1 0 0 0 0 0
420102195712180644 0 1 0 1 0 0 0
420106200307298410 1 1 0 0 0 0 0
420104195610092013 0 1 0 0 0 0 0
42010219591108003X 0 1 0 0 0 0 0
420124198001293556 0 0 0 0 0 0 1
420116199008073024 0 1 0 0 0 0 0
420102198811090314 1 1 0 0 0 0 0
42012419780506317X 0 0 0 0 0 0 0
420106196008192828 0 0 0 0 0 0 0
420116199108066921 0 0 0 0 0 1 0
420103196808233756 0 0 0 0 0 0 0
420107199301223726 0 0 0 1 0 0 0
42011619920215416X 0 1 0 0 0 0 0
42011119621005661X 0 1 0 0 1 0 0
420102198808190023 1 1 0 1 0 0 0
420116199402154148 0 1 0 0 0 0 0
420106194907104503 0 0 0 0 0 0 0
420124195009179420 0 0 0 0 0 0 0
420111196802031328 0 0 0 0 0 0 0
420101199401037017 1 1 0 0 1 0 0
420103195612124625 0 1 0 0 0 0 0
420112196303030319 0 0 0 0 0 0 1
420102195206230020 0 1 0 0 0 0 0
420102193501170025 0 0 0 0 0 0 0
42010320070615372X 0 0 0 0 0 0 0
420107199107203764 0 0 0 0 0 0 0
420102200508120023 0 1 0 0 0 0 0
420116199009274119 0 1 0 0 1 0 0
420102197704230014 0 0 0 0 0 0 0
420106197511274489 0 1 0 0 0 0 1
420105199209132036 0 0 0 0 1 0 0
42010619860222203X 0 0 0 0 0 0 0
420106197802091244 0 0 0 0 0 0 0
420101195709241112 0 0 0 0 0 0 0
420124196006093116 0 0 0 0 0 0 1
420103197912103227 0 0 0 0 0 0 0
420104200906141228 0 0 0 0 0 0 0
420102199211182818 0 0 0 0 0 0 0
420106199401013260 0 0 0 0 0 0 0
420102199103191020 1 1 0 1 1 0 1
420116199312137344 1 1 0 1 0 0 1
420117201011122313 0 0 0 0 0 0 0
420105200904020410 0 0 1 1 0 0 0
420123196702011413 0 0 0 0 0 0 1
420102200610030323 0 1 0 0 0 0 0
420102196608181430 0 0 0 0 0 0 0
420102199102121012 0 0 0 0 0 0 0
420102195209130017 0 0 0 0 0 0 0
420102200603040021 0 0 0 0 0 0 0
420117200402042332 0 0 0 0 0 0 0
421002198908094536 0 0 0 0 0 0 1
420117198711221625 0 0 0 0 1 0 0
420121196611270038 0 0 0 0 0 0 0
421181197201183910 0 1 0 0 0 0 0
42011619951105412X 0 0 0 0 0 0 0
420106199001141626 0 1 0 1 0 0 0
420116199211265232 1 1 0 0 0 0 0
42010319631001242X 0 1 0 1 0 0 0
420123197411251438 0 0 0 0 1 0 0
421083198710016450 0 1 0 0 0 0 0
420104192702032014 0 0 0 0 0 0 0
420102198902150327 1 1 1 1 0 0 0
420104195201014727 0 0 0 0 0 0 0
420116198808044120 0 0 1 1 0 0 0
420102195508110323 0 0 0 0 0 0 0
420106194008012824 0 0 0 0 0 0 0
420102199301232823 0 0 0 0 0 0 0
420115199009226647 0 1 0 0 0 0 0
420117198705030013 0 0 0 1 0 0 0
420124196001169417 0 0 0 0 0 0 0
421125198909100053 0 1 0 1 0 0 1
420102197811053340 0 1 0 0 0 0 1
420103197311252817 0 0 0 0 0 0 1
420102193504060024 0 0 0 0 0 0 0
420124196511161247 0 1 0 0 0 0 0
420103195505230035 0 0 0 0 1 0 0
422202198810104806 0 1 0 0 0 0 0
420202198311220878 0 0 1 1 0 0 0
420123196101242443 0 1 0 1 0 0 0
420103201010012819 0 0 0 0 0 0 0
420114200606030510 0 0 0 0 0 0 0
420100199210031716 0 0 0 0 0 0 0
522601199101041228 0 0 0 0 0 0 0
420104198709121631 0 1 1 1 1 0 0
420116199510120025 0 0 0 0 1 0 0
420103199007181240 0 1 1 1 0 0 0
420124198310236344 0 1 0 1 0 0 0
420100193904021718 0 0 0 0 0 0 0
420116199001262084 0 0 0 0 0 0 0
429006199108299020 0 1 0 0 0 0 0
420124198312049120 0 0 0 0 0 0 0
420102192802150015 0 0 0 0 0 0 0
42010220070601001X 0 0 0 0 0 0 0
420104196103150025 0 1 0 0 0 0 0
420102196104051421 0 0 0 0 0 0 0
420107198709212524 0 0 0 0 0 0 0
420102198905084054 0 1 0 1 0 0 0
420116198710074129 0 1 0 0 0 0 0
420104194803170845 0 0 0 0 0 0 0
420103196210073217 0 0 0 1 0 0 0
420103196612064911 0 1 0 1 1 0 0
420583199411121067 0 1 0 0 0 0 0
420102194604120017 0 0 0 0 0 0 0
420102198902064015 0 1 0 0 0 0 0
420105199411011211 0 0 0 0 0 1 0
420116200904104533 0 0 0 0 0 0 0
420106198710252041 0 0 0 0 0 0 0
420116198506183344 0 1 1 1 0 0 0
420124194207233921 0 0 0 0 0 0 0
420115200608214723 0 0 0 1 0 0 0
420105192308223222 0 0 0 0 0 0 0
420112197601283327 0 1 0 0 0 0 0
421125198708290110 0 1 0 1 0 0 0
420102199807261445 1 1 0 0 0 0 1
420104198703031248 0 0 0 0 0 0 0
420102193511150327 0 0 0 0 0 0 0
420102195606010625 0 0 0 0 0 0 0
42010219430128281X 0 0 0 0 0 0 0
42010220021025001X 0 0 0 0 0 0 0
420102196312040030 0 0 0 0 0 0 0
42010219371031032X 0 1 0 0 0 0 0
420102195506271027 0 1 0 1 0 0 0
420124197005219420 0 0 0 0 0 0 0
420116200810285935 0 0 0 0 0 0 0
42012319690413733X 0 0 0 0 0 0 0
420984198301170048 0 0 0 0 0 0 0
420116198708043737 0 0 0 0 1 0 0
42010319701004001X 0 0 0 0 0 0 0
420111195311170011 0 0 0 0 0 0 0
420102196304151419 0 0 0 0 0 0 0
420104195803312449 0 1 0 0 0 1 1
420124194608280868 0 0 0 0 0 0 0
420102195010030318 0 0 0 0 0 0 1
420104196302062036 0 0 0 0 0 0 0
42010219610718203X 0 1 0 0 0 0 0
420102196307312425 0 1 0 0 0 0 0
420106196202262834 0 0 0 0 0 0 0
420104195612240825 0 0 0 0 0 0 0
420102199907061440 0 0 0 0 0 0 0
420102198507171777 0 1 1 1 0 0 0
420102196112220352 0 0 0 0 0 0 0
42010219610323033X 0 1 0 1 0 0 0
429001198408081617 1 1 0 0 0 0 0
420102196105110323 1 1 1 1 0 0 0
420116198812143762 0 1 0 0 0 0 0
420102193201150022 0 0 0 0 0 0 0
610424198703172339 0 0 0 0 0 0 0
420102194805150036 0 0 0 0 0 0 0
420117198603039420 0 0 0 0 0 0 0
420102194710240012 0 0 0 0 0 0 0
420102196505199523 1 1 0 0 0 0 0
420103194907201224 0 0 0 0 0 0 0
420115193206028327 0 0 0 0 0 0 0
420113197308280035 0 0 0 0 0 0 0
420124198401035134 0 0 0 0 0 0 0
420102199110090017 0 0 0 0 0 0 0
422126196211302065 0 1 0 0 0 0 1
421122198505290103 0 1 0 0 0 0 0
420102193006300013 0 0 0 0 0 0 0
420102195111192033 0 0 0 0 0 1 0
420114199512040712 0 0 0 0 0 0 0
420104200408104723 0 1 0 0 0 0 0
420102194712150344 0 0 0 0 0 0 0
420113197405071112 0 0 0 0 1 0 1
420102194811251714 0 1 0 0 0 0 0
420102198501250351 0 1 0 0 0 0 0
420104198912164020 0 0 0 0 0 1 0
42010219810925004X 0 0 0 0 0 0 0
420102193312110015 0 0 0 0 0 0 0
420116198708043083 0 0 0 0 0 0 0
420116194108202476 0 0 0 0 0 0 0
420106199106047820 0 0 0 1 0 0 0
420116199003203010 1 1 0 1 0 0 0
42012319201110492X 0 0 0 0 0 0 0
42010219890825141X 0 0 0 0 0 0 0
420102196904261726 0 1 0 1 0 0 0
420102198504130021 0 0 0 0 0 0 1
420103193804303223 0 0 0 0 0 0 0
420116198910173391 0 0 0 0 0 0 1
420117199508214803 0 0 0 0 0 0 0
422724197102110034 0 1 0 1 1 0 0
420115199504013649 0 1 0 0 0 0 1
42010319330603282X 0 0 0 0 0 0 0
420112198707082747 0 0 0 1 0 0 0
420102197711140033 1 1 0 0 0 0 1
42010519420219002X 0 0 0 0 0 0 1
420116199011250087 0 0 0 0 0 0 1
420102196407200017 0 0 0 0 0 0 0
420302198211131283 0 1 0 0 0 0 0
420117198502157604 0 0 0 0 0 0 0
420102196806290021 0 1 0 1 0 0 1
420102200006091429 1 1 0 0 0 0 0
65900119870622122X 0 0 0 1 0 0 0
420106196309091238 0 0 0 0 0 0 0
42010419950106162X 0 1 1 1 0 0 0
420102192810250315 0 0 0 0 0 0 0
420102195505070055 0 0 0 0 0 0 0
420102195904110018 0 1 0 0 0 0 0
420116198903242424 0 0 0 0 0 0 1
420102192305130021 0 0 0 0 0 0 0
452124199007050346 0 1 0 1 1 0 0
420106199106273211 0 0 0 0 0 0 0
420102196301240037 0 0 0 0 0 0 1
420105197811232831 0 1 0 0 0 1 0
42011519900620002X 0 0 0 0 0 0 0
420116198703293323 0 0 0 0 0 0 0
420102198408200034 0 0 0 0 0 0 0
420703199609252731 0 1 0 0 0 0 0
420116198703243342 0 0 0 0 0 0 0
42011119700531053X 0 0 0 0 0 0 0
420103193309300041 0 0 0 0 0 0 0
420123196104225227 0 0 0 0 0 0 0
420102193610310031 0 0 0 0 0 0 0
420122196803088739 0 0 0 0 0 0 0
420106199003081647 0 1 0 1 1 0 0
420116199111305639 0 0 0 0 0 0 0
420103199104300424 0 1 1 1 0 0 1
420104200802051623 0 0 0 0 0 0 0
420102193501250340 0 1 0 0 0 0 0
420124198201235545 0 1 0 0 0 0 0
42011619930103303X 1 1 0 0 0 0 0
420117200812146724 0 0 0 0 0 0 0
420102193401190360 0 0 0 0 0 0 0
420105199410130438 0 0 0 0 0 0 0
420802199006098340 0 0 0 0 0 0 0
420102199811191021 0 1 0 1 0 0 0
429006199701235116 0 1 0 1 0 0 0
420116199004274128 0 1 0 1 0 0 0
420117199206148732 1 1 0 0 1 0 1
42010519351010423X 0 0 0 0 0 0 0
420106195811091212 0 0 0 1 1 0 0
42010319611015372X 0 1 0 1 0 0 0
420104199505041626 1 1 1 1 1 0 0
420102197307040057 0 1 0 0 0 0 0
420102198402090321 0 1 0 0 0 1 0
420116198710193726 1 1 0 1 0 0 0
420103197806062812 0 0 0 0 0 0 0
420103199510094419 0 0 0 0 0 0 0
420102196606111447 0 0 0 0 0 0 0
420102198408280046 0 1 0 1 0 0 1
420124197308173116 1 1 0 0 0 0 1
420114199008010012 0 0 0 0 0 0 0
420102198003063123 0 0 0 0 0 0 0
420102199102090826 0 0 0 0 0 1 1
420102198904273312 0 1 1 1 0 0 0
420102194610180083 0 1 0 0 0 0 0
420100196205201713 0 0 0 0 0 0 1
420102195709220326 0 1 0 0 0 0 0
420102193508210026 0 0 0 0 0 0 0
429004197912045118 0 1 0 0 0 0 0
420115198908055824 0 1 0 1 1 0 0
420102196306022426 0 0 0 0 0 0 0
420102192608020321 0 0 0 0 0 0 0
420625196005206223 0 1 0 0 0 0 0
42012419791217123X 0 1 0 0 0 0 0
420116195001124513 0 0 0 0 0 0 0
420116198903183022 0 1 0 0 0 0 0
420102194610302423 0 0 0 0 0 0 0
420102193806090018 0 0 0 0 0 0 0
420103198007163742 0 1 0 0 0 0 1
420100196901301750 0 0 0 0 0 0 0
420114200901075121 0 0 0 0 0 0 0
420984199412032427 0 0 0 0 0 0 1
420106193108154040 0 0 0 0 0 0 0
420102198904080326 0 0 1 1 0 0 1
420102200611170037 1 1 0 0 0 0 0
420123196303091719 0 0 0 0 0 0 0
420116198105167327 0 1 0 1 0 0 0
420122194805014718 0 0 0 0 0 0 0
420111199111082349 1 1 1 1 0 0 0
420102193902022816 0 0 0 0 0 0 0
42010619901217321X 1 1 0 0 0 0 0
42010219291105062X 0 0 0 0 0 0 0
420105193307240842 0 0 0 0 0 0 0
420102192812070019 0 0 0 0 0 0 0
420116198912083023 0 0 0 0 0 0 0
35058319680418602X 0 0 0 0 0 0 0
42010619890121841X 1 1 0 0 0 0 0
420124195805185522 0 1 0 0 0 0 0
420114199202074327 0 0 0 0 0 0 0
420503198905025212 0 1 0 0 0 0 0
420106200408178418 0 1 0 0 0 0 0
420116198910304144 0 0 0 0 0 0 0
420105199201212023 0 1 0 1 0 0 0
420123195910280410 0 0 0 0 0 0 0
420103196509142811 0 0 0 0 0 0 0
420114197906061226 0 1 0 0 0 0 0
420102193302070013 0 1 0 0 0 0 0
420102199002222027 0 1 0 1 0 0 0
42010219880127032X 0 0 0 0 0 0 0
420103198205134926 0 0 0 0 0 0 0
420102194805160322 0 1 0 0 0 0 0
420116200905296610 0 0 0 0 0 0 0
422128196204010040 0 1 0 0 0 0 0
420102195111210043 0 1 0 1 0 0 0
420116199001014128 0 0 0 0 0 0 0
420104200208244713 0 1 0 0 0 0 0
420107196804090060 0 1 1 1 0 0 0
420124194107119427 0 0 0 0 0 0 0
420116199206241447 0 0 0 0 0 0 0
420102195811280034 1 1 1 1 0 0 0
420111197610014210 0 1 0 1 0 0 0
420102200508280318 0 0 0 1 0 0 0
420102195605110026 0 0 0 0 0 0 1
42010619891221131X 0 0 0 1 0 0 0
42012319470225562X 0 0 0 0 0 0 0
420107199109120014 0 0 0 0 0 0 0
420122196108271363 0 0 0 0 0 0 0
420124194209211224 0 0 0 0 0 0 0
42010219741027103X 0 0 0 0 0 0 0
420106196808114449 0 0 0 0 0 0 0
421023198906103808 0 0 0 0 0 0 1
420923198111010489 0 1 0 1 0 0 0
420102194012220014 0 0 0 0 0 0 0
420102198311050033 0 0 0 1 0 0 0
420106195311164446 0 0 0 0 0 0 0
420106197506024012 0 1 0 1 0 0 0
420102197804220024 0 0 0 0 0 0 0
421023198601056342 0 0 0 0 0 0 0
420102196108171025 0 1 0 0 0 0 0
420111198811223718 0 0 0 0 0 0 0
42012419780719232X 0 0 0 0 0 0 0
420116198907253016 0 0 0 0 1 0 0
420106196512251233 0 0 0 0 0 0 1
420106197112253234 1 1 0 1 0 0 0
42262619750711302X 0 1 0 0 0 0 1
420124197402057111 0 0 0 0 0 0 0
420102198203090038 0 0 0 0 0 0 0
420124197811120046 1 1 1 1 0 0 0
420116198802223320 0 1 0 0 0 0 0
420124197011085983 0 0 0 0 0 0 0
420102195806180055 0 1 0 0 0 0 0
420103197303100055 0 1 0 0 0 0 0
420114198611270711 0 1 0 0 0 0 1
420116198804183019 0 0 0 0 0 0 0
42011619890115413X 0 0 0 0 0 0 0
420102196309260315 0 0 0 0 0 0 0
420105199403261210 0 0 0 0 1 0 0
422825198803220021 0 0 0 0 0 0 0
421087199310100039 0 1 0 0 0 0 0
420116199305265233 0 0 0 0 0 0 0
430503199003230555 0 0 0 0 0 0 0
420116199003103343 0 0 0 0 0 0 1
420103200903213226 1 1 0 1 0 0 0
420114197801051267 0 0 0 0 0 0 0
420105196506103238 0 0 0 0 0 0 0
42012319721119001X 0 1 0 0 0 0 0
42010219360118001X 0 0 0 0 0 0 0
420105196602181615 0 1 1 1 0 0 1
43252419950809541X 0 0 0 0 0 0 1
420102195304140029 0 0 0 0 0 0 0
420114199306290710 0 0 0 0 0 0 0
420102195411300032 0 0 0 0 0 0 0
420106196901170832 0 0 0 0 0 0 0
420107201111234125 0 0 0 0 0 0 0
420102198404180048 0 1 0 1 1 0 0
420104197210053620 0 0 0 0 0 0 0
420102193511230319 0 0 0 0 0 0 0
421181199108169478 0 0 0 0 0 0 0
421023199011178723 0 0 0 0 0 0 0
420102199011172818 0 0 0 0 0 0 0
420116199210065220 0 1 0 0 0 0 0
420102195201310312 0 0 0 0 0 0 0
420102193608090041 0 0 0 0 0 0 0
420116199103203368 0 0 0 0 0 0 0
420104198202122010 0 0 0 0 0 0 0
420114199505190042 0 1 0 1 1 0 1
420102199410233315 0 1 0 1 1 0 0
420106198204233614 0 0 0 0 0 0 0
420102197706130316 0 0 0 0 1 0 0
420107199104023725 1 1 0 0 0 0 0
420102194502212017 0 0 0 0 0 0 0
42010219490112003X 0 0 0 0 0 0 0
420103198908011228 0 1 0 0 0 0 0
420102198308070033 1 1 0 1 0 0 0
420102196401153520 0 0 0 0 0 0 0
420124195812149423 0 0 0 0 0 0 0
42010219820524001X 0 1 0 1 0 1 0
420102195112030343 0 1 0 1 0 0 0
420103199101082046 1 1 0 1 0 0 1
420124195602239412 0 0 0 0 0 0 0
420124195111179152 0 0 0 0 0 0 1
420102192812260322 0 0 0 0 0 0 0
420106200104032014 0 0 0 0 0 0 0
420106196103054810 0 0 0 0 0 0 0
420103199104300440 1 1 0 1 0 0 0
420124196410029415 0 0 0 0 0 0 0
42010219300629002X 0 0 0 0 0 0 1
420111195812171848 0 0 0 0 0 0 0
420102195611110049 0 1 0 0 0 0 0
420102198308180021 0 1 0 1 1 0 0
420102195111110042 0 0 0 1 0 0 1
420102196202160648 0 0 0 0 0 0 0
420303198109122870 0 1 0 1 1 0 0
420102195806230315 0 0 0 0 0 0 0
420112200212240328 0 0 0 0 0 0 0
420123197004205223 0 0 0 0 0 0 0
420102196303110316 0 0 0 0 0 0 0
420117200007209112 0 0 0 0 0 0 0
420102195705020319 0 0 0 0 0 0 0
420115198309298349 0 1 0 0 0 0 0
420105199110250040 0 0 0 0 0 0 0
420124194912120420 0 0 0 0 0 0 0
420123196509110444 0 0 0 0 0 0 0
420103195405074610 0 0 0 0 0 0 0
420102194903220026 0 0 0 0 0 0 0
420116198906163051 0 0 0 0 0 0 0
42010519651211032X 0 1 0 0 0 0 1
420102194504200626 0 0 0 0 0 0 0
420105199002043239 0 0 0 0 0 0 0
420102199409010018 0 1 0 0 0 0 1
420117199109181311 0 0 0 0 1 0 0
42011119890918231X 0 0 0 0 0 0 0
420102194710090018 0 0 0 0 0 0 0
420103191905014915 0 0 0 0 0 0 0
420102195209170035 0 0 0 0 0 0 0
420116198903253043 0 1 0 0 0 0 0
420117200610151218 0 0 0 0 0 0 0
420102196801180026 0 1 0 1 0 0 0
420124194910134773 0 0 0 0 0 0 0
420102198612220315 0 0 0 0 0 0 0
420117200003073916 0 1 0 0 0 0 0
420116198609103837 0 0 0 0 0 0 0
42010219830324003X 0 0 0 0 0 0 0
420102195103050043 0 0 0 0 0 0 0
420102195501250040 0 0 0 0 0 0 0
420102199502050014 0 1 0 0 0 0 0
422323196201010044 0 0 0 0 0 0 0
420106196201124077 1 1 0 0 0 0 0
420105197303240018 0 0 0 0 0 0 0
420102195505283317 0 1 0 0 0 0 0
420106197006214434 0 0 0 0 0 0 0
420102192912160046 0 0 0 0 0 0 0
430682198412100010 0 0 0 0 0 0 0
420106198903090851 0 1 0 0 0 0 0
420116198912013041 0 0 0 1 0 0 0
420116199206204144 0 0 0 1 0 0 0
420103195412013824 0 0 0 1 0 0 0
42010219570526003X 0 1 1 1 0 0 0
420106199002218429 0 1 0 0 0 0 0
420116197912240020 0 1 0 0 0 0 0
420105199510090816 0 1 0 1 1 0 0
420102198710090374 0 1 0 1 0 0 0
420103193406243712 0 0 0 0 0 0 0
420102195811090310 0 0 0 0 0 0 0
42010619751111002X 0 0 0 0 0 0 0
420106197702123245 0 1 0 0 0 0 0
420112198111220328 0 0 0 0 0 0 0
420103198707031249 0 0 0 0 0 0 1
420116199301014189 0 0 0 0 0 0 1
420102195410290012 1 1 1 1 0 0 0
420102197702250329 0 1 0 0 0 0 0
413027198103210824 0 0 0 0 0 0 0
420102198111150048 0 0 0 0 0 0 0
420102197810210025 0 0 0 0 0 0 0
420116199212067641 0 1 0 0 0 0 1
42010519781009422X 0 1 0 0 0 0 0
420102198912050020 0 0 0 0 1 0 0
420102193308300334 0 0 1 1 0 0 0
420102193007070029 0 0 0 0 0 0 0
420102195507260012 0 1 1 1 0 0 0
420102197802190343 0 1 0 1 0 0 1
420106196610114419 0 1 0 0 0 0 0
420102193810110026 0 0 0 0 0 0 0
420116198910015641 0 0 0 0 0 0 0
42010219651205172X 0 0 0 0 0 0 0
421222198705257223 0 0 0 0 0 0 0
42011219570419001X 0 1 0 0 0 0 0
420103199309282469 1 1 0 0 0 0 0
420102197007201728 0 0 0 0 0 0 0
420112200905182423 0 0 0 1 0 0 0
432502197206166545 0 0 0 0 0 0 0
420105195503132012 0 0 0 1 0 0 0
420102196606290318 1 1 0 0 0 0 0
420106199411203244 0 1 0 0 0 0 1
420115200405262813 0 0 0 0 0 0 0
340223198810120048 0 0 0 0 0 0 0
420102195601300033 0 0 0 0 0 0 0
420102195906050039 0 0 0 0 0 0 0
420102195012210320 1 1 0 0 0 0 1
120223198512013315 0 1 0 0 0 0 0
420104196312114725 0 0 0 0 0 0 0
420102199103070835 1 1 0 0 0 0 1
420102195504201025 0 0 0 0 0 0 0
420111200908131828 0 0 0 1 0 0 0
420102195609280065 0 0 0 0 0 0 0
420104199308312028 1 1 1 1 1 0 0
420106199403103227 1 1 0 0 0 0 1
420116198908103781 0 1 0 1 0 0 0
420104200407011234 0 0 0 0 0 0 0
420102199003132015 0 1 0 0 0 0 1
420116199401303033 0 0 0 0 0 0 1
420122193312207015 0 0 0 0 0 0 0
