420684199507067028 0 0 0 0 0 0 0 0 1 0 0
360427198908272410 0 0 0 0 0 0 0 0 0 0 0
421221198707016611 0 0 0 1 0 0 0 0 0 0 1
420107195908131539 0 0 0 0 0 0 0 0 0 0 0
420115199610277023 0 0 0 0 0 0 0 0 0 0 1
420105196811290439 0 0 0 0 0 0 0 0 0 0 0
420105196403250032 0 0 0 1 0 0 0 0 0 0 1
42011619900501415X 0 0 0 0 0 0 0 0 0 0 0
42010719750406202X 0 0 0 0 0 0 0 0 1 0 1
420114198211013732 0 0 0 0 0 0 0 0 0 0 1
420106197211090012 0 0 0 0 0 0 0 0 0 0 0
420102196811221223 0 0 0 0 0 0 0 0 0 0 0
420123198001251712 0 0 0 0 0 0 0 0 0 0 1
420123197812270437 0 0 0 0 0 0 0 0 0 0 0
420115199008280051 0 0 0 0 1 0 0 1 0 0 0
420101196212020319 0 0 0 1 0 0 0 0 1 0 0
42010219570630003X 0 0 0 0 0 0 0 0 0 0 0
420102196812242499 0 0 0 0 0 0 0 0 0 0 0
513434199108037171 0 0 0 0 0 0 0 0 0 0 0
420112199012181532 0 0 0 0 0 0 0 0 1 0 0
420106197811100819 0 0 0 0 0 0 0 0 0 0 0
420106196108014412 0 0 0 0 0 0 0 0 0 0 1
511527199106203244 0 0 0 1 0 0 0 0 0 0 0
420111199705072316 0 0 0 1 0 0 0 0 0 0 0
420121197412042213 0 0 0 0 0 0 0 0 0 0 0
42082119711211501X 0 0 0 1 0 0 0 0 0 0 0
420115199010233211 0 0 0 0 0 0 0 0 1 0 1
420105198207230877 0 0 0 1 0 0 0 0 0 0 1
420105198304012417 0 0 0 0 0 0 0 0 0 0 0
420102196207313113 0 0 0 0 0 0 0 0 0 0 0
420121196703270019 0 0 0 0 0 0 0 0 0 0 0
420113198812110013 0 0 0 0 0 0 0 0 0 0 0
420117199201143692 0 0 0 0 0 0 0 0 0 0 0
420123197004018022 0 0 0 0 0 0 0 0 0 0 1
420102196803171430 0 0 0 0 0 0 0 0 0 0 1
420114199710132829 0 0 0 0 0 0 0 0 0 0 0
420113198112120616 0 0 0 0 0 0 0 0 1 0 0
421023198801010090 0 0 0 0 0 0 0 1 0 0 0
420105196401030810 0 0 0 0 0 0 0 0 0 0 0
420123197702085230 0 0 0 0 0 0 0 0 1 0 1
420106198009193258 0 0 0 0 0 0 0 0 0 0 1
420104197006193618 0 0 0 0 0 0 0 0 0 0 0
420104196309123030 0 0 0 0 0 0 0 0 0 0 0
420103198805252416 0 0 0 0 0 0 0 0 1 0 1
42010619620407321X 0 0 0 0 0 0 0 0 0 0 0
42010619880905001X 0 0 0 1 0 0 0 0 0 0 0
420105198312022439 0 0 0 0 0 0 0 0 1 0 0
420103196512254910 0 0 0 0 0 0 0 0 0 0 0
420281199701261210 0 0 0 1 0 0 0 1 1 0 1
42010119790629751X 0 0 0 0 0 0 0 0 0 0 0
420281198512240854 0 0 0 0 0 0 0 0 1 0 1
42010219710922375X 0 0 0 0 0 0 0 0 0 0 0
420105198703090017 0 0 0 0 0 0 0 1 1 0 0
42010319790822531X 0 0 0 0 0 0 0 0 0 0 0
420116199511135245 0 0 0 0 1 0 0 1 0 0 0
420104198608281636 0 0 0 0 0 0 0 0 0 0 0
422301198810260015 0 0 0 0 0 0 0 0 0 0 0
420111199008285535 0 0 0 0 0 0 0 0 1 0 0
42010719710327251X 0 0 0 0 0 0 0 0 0 0 0
420114197708144856 0 0 0 1 0 0 0 0 0 0 0
420117199411066330 0 0 0 0 0 0 0 0 0 0 0
420111197103153419 0 0 0 1 0 0 0 0 0 0 1
420106198703308430 0 0 0 1 0 0 0 0 1 0 0
420112196203032712 0 0 0 0 0 0 0 0 0 0 0
420102196802142451 0 0 0 0 0 0 0 0 0 0 0
420117199108014351 0 0 0 1 0 0 0 1 0 0 0
420102197907123139 0 0 0 0 0 0 0 0 0 0 0
42020219761228001X 0 0 0 0 0 0 0 0 0 0 0
420923199310136337 0 0 0 1 0 0 0 0 0 0 0
420112196210193311 0 0 0 0 0 0 0 0 0 0 0
420117199103030416 0 0 0 0 0 0 0 0 0 0 0
420124195809097538 0 0 0 0 0 0 0 0 1 0 0
420103198008232818 0 0 0 0 0 0 0 0 1 0 1
420902198009207750 0 0 0 0 0 0 0 0 0 0 1
420123197101078035 0 0 0 0 0 0 0 0 0 0 0
422322198611100010 0 0 0 0 0 0 0 0 0 0 1
420105197412072076 0 0 0 0 0 0 0 0 0 0 0
420102198703061735 0 0 0 0 0 0 0 0 1 0 1
420106197711190052 0 0 0 1 0 0 0 0 0 0 0
420114199210295437 0 0 0 0 0 0 0 0 0 0 0
420102197608042013 0 0 0 0 0 0 0 0 0 0 0
420103197702180814 0 0 0 0 0 0 0 0 0 0 0
420116198711135210 0 0 0 0 0 0 0 0 0 0 1
422322197203100017 0 0 1 1 0 0 1 1 0 0 0
420104198003264016 0 0 0 0 0 0 0 0 0 0 1
420116198206015947 0 0 0 1 0 0 0 0 0 0 0
420117198707240057 0 0 0 0 0 0 0 0 0 0 0
420106197002284435 0 0 0 0 0 0 0 0 0 0 0
362424196902264915 0 0 0 0 0 0 0 0 0 0 0
420221197609055718 0 0 0 0 0 0 0 0 0 0 0
420124197306180419 0 0 0 0 0 0 0 0 0 0 0
420103197110014919 0 0 0 0 0 0 0 0 0 0 1
420106198609184021 0 0 0 0 0 0 0 0 0 0 0
420111199008010013 0 0 0 0 0 0 0 0 0 0 0
420106196504122837 0 0 0 0 0 0 0 0 0 0 0
62052519680505037X 0 0 0 1 0 0 0 0 0 0 0
420103199404250473 0 0 0 0 0 0 0 0 0 0 0
42010419840219123X 0 0 0 0 0 0 0 0 0 0 0
420106199309254010 0 0 0 0 0 0 0 0 1 1 1
420116199206280016 0 0 0 0 0 0 0 0 1 0 1
429004197712290098 0 0 0 1 0 0 0 1 0 0 0
420102198304013111 0 0 0 0 0 0 0 0 0 0 0
420105196612023610 0 0 0 0 0 0 0 0 0 0 1
420112197107081519 0 0 0 0 0 0 0 0 0 0 0
420114197304030537 0 0 0 0 0 0 0 0 0 0 0
210902196410194513 0 0 0 0 0 0 0 0 0 0 0
420104196412141210 0 0 0 0 0 0 0 0 0 0 1
420122196903230018 0 0 0 1 0 0 0 0 0 0 1
421002199011071019 0 0 0 1 0 0 0 0 0 1 1
420123198303122051 0 0 0 1 0 0 0 0 0 0 0
413023196908204013 0 0 0 1 0 0 0 0 0 0 0
420123196912036256 0 0 0 0 0 0 0 0 0 0 0
420112197507061816 0 0 0 0 0 0 0 0 1 0 0
420105197906063620 0 0 0 0 0 0 0 0 0 0 0
420102197210310014 0 0 0 0 0 0 0 0 0 0 0
420112197102100637 0 0 0 0 0 0 0 0 0 0 1
420107197510292016 0 0 0 0 0 0 0 0 0 0 0
420984198110010498 0 0 0 0 0 0 0 0 0 0 0
420107196502032025 0 0 0 0 0 0 0 0 0 0 0
420104196802192718 0 0 0 0 0 0 0 0 0 0 0
420106198310133238 0 0 0 1 0 0 0 0 0 0 1
42010219770129352X 0 0 0 0 0 0 0 0 1 1 1
420116198604056621 0 0 0 0 0 0 0 0 0 0 0
420984198406085659 0 0 0 0 0 0 0 0 0 0 1
420105195804300454 0 0 0 0 0 0 0 0 0 0 0
420116199104016919 0 0 0 0 0 0 0 0 0 0 0
420104198109070033 0 0 0 0 0 0 0 0 0 0 1
420107196706233312 0 0 0 0 0 0 0 0 0 0 0
42010719840214001X 0 0 0 0 0 0 0 0 0 0 0
420106198609063625 0 0 0 0 0 0 0 0 0 0 0
429005198801275747 0 0 0 0 0 0 0 0 0 0 0
42011419840719001X 0 0 0 0 0 0 0 0 0 0 0
420106197406103231 0 0 0 0 0 0 0 0 0 0 0
420106197911264415 0 0 0 1 0 0 0 0 0 0 0
420106197603173626 0 0 0 0 0 0 0 0 0 0 0
513435199102033192 0 0 1 1 0 0 0 0 0 0 0
42010319630612041X 0 0 0 0 0 0 0 0 0 0 1
420113198906151510 0 0 0 0 0 0 0 0 0 0 0
422228196612203613 0 0 0 0 0 0 0 0 0 0 0
420102197302263710 0 0 0 0 0 0 0 0 0 0 0
511622199105043457 0 0 0 0 0 0 0 0 0 0 0
42010419710424161X 0 0 0 0 0 0 0 0 0 0 0
432302196812128383 0 0 0 0 0 0 0 0 0 0 0
420107197704140096 0 0 0 1 0 0 0 0 0 0 0
420122197909231614 0 0 0 0 0 0 0 0 1 0 0
420114198908155415 0 0 0 0 0 0 0 0 0 0 1
420107197902283725 0 0 0 0 0 0 0 0 0 0 0
420102197807011439 0 0 0 0 0 0 0 0 0 0 0
420102197912204013 0 0 0 0 0 0 0 0 0 0 0
420115199208128329 0 0 0 0 0 0 0 0 0 0 1
420102198206281411 0 0 0 0 0 0 0 0 0 0 1
420104197303301216 0 0 0 0 0 0 0 0 0 0 0
420107198107243753 0 0 0 0 0 0 0 0 0 0 0
420104199107102040 0 0 0 0 0 0 0 0 1 0 0
420114199101160015 0 0 0 1 0 0 0 1 1 0 0
430124198612205430 0 1 0 1 0 0 0 0 0 0 0
420115199411010959 0 0 0 0 0 0 0 0 0 0 1
42112519860723091X 0 0 0 0 0 0 0 0 0 0 0
420102198203110334 0 0 0 0 0 0 0 0 0 0 0
420121196902250010 0 0 0 0 0 0 0 0 0 0 0
420122197101295113 0 0 0 0 0 0 0 0 0 0 0
420116199103035261 0 0 0 0 0 0 0 0 1 0 0
420103198609132417 0 0 0 0 0 0 0 0 0 0 1
420102197811031256 0 0 0 0 0 0 0 0 0 0 1
420106194905220017 0 0 0 0 0 0 0 0 0 0 0
420106198904191638 0 0 0 0 0 0 0 0 0 0 1
420103198808033710 0 0 0 0 0 0 0 0 1 0 1
420104196201091612 0 0 0 0 0 0 0 0 0 0 1
420102198604074012 0 0 0 0 0 0 0 0 0 0 0
420103196612011211 0 0 0 0 0 0 0 0 0 0 0
420111197011260516 0 0 0 0 0 0 0 0 0 0 0
420111197807302312 0 0 0 0 0 0 0 0 0 0 0
420122197005230512 0 0 0 0 0 0 0 0 0 0 0
420105196607011615 0 0 0 0 0 0 0 0 0 0 0
420102196205300810 0 0 0 0 0 0 0 0 0 0 0
42010319640116121X 0 0 0 0 0 0 0 0 0 0 0
420114198612275450 0 0 0 0 0 0 0 0 0 0 0
420115199108096630 0 0 0 1 0 0 0 0 0 0 0
420105196208220436 0 0 0 0 0 0 0 0 1 0 1
332603198011183671 0 0 0 0 0 0 0 1 0 0 0
420124197703077511 0 0 0 0 0 0 0 0 1 0 0
513434199312135895 0 0 1 1 0 0 0 0 0 0 0
420123198003213736 0 0 0 0 0 0 0 0 0 0 0
420106196606072850 0 0 0 0 0 0 0 0 0 0 0
420116198310065215 0 0 0 0 0 0 0 0 0 0 1
420106197710043640 0 0 0 0 0 0 0 0 0 1 0
420102199111252436 0 0 0 1 0 0 0 0 0 1 1
420116198909036947 0 0 0 0 0 0 0 0 0 0 0
420103197801241221 0 0 0 0 0 0 0 0 0 0 0
420104199410312411 0 0 0 0 0 0 0 0 1 1 1
420121196503011514 0 1 0 1 1 0 0 1 0 0 0
420115198509267918 0 0 0 0 0 0 0 0 0 0 0
420103196711160028 0 0 0 0 0 0 0 0 0 0 0
420107197612043731 0 0 0 0 0 0 0 0 0 0 0
420117198908210815 0 0 0 0 0 0 0 0 0 0 0
420102198607302439 0 0 0 0 0 0 0 0 1 0 0
420104196801072714 0 0 0 0 0 0 0 0 0 0 0
420111197912306622 0 0 0 1 0 0 0 0 0 0 0
43048119810115695X 0 0 0 0 0 0 0 0 0 0 0
420114198710254151 0 0 0 0 0 0 0 0 0 0 0
420115199411243234 0 0 0 0 0 0 0 0 0 0 0
420100195808231714 0 0 0 0 0 0 0 0 0 0 1
420104195112152714 0 0 0 0 0 0 0 0 0 0 1
420105196710211615 0 0 0 0 0 0 0 0 0 0 1
420101197809117513 0 0 0 1 0 0 0 0 0 0 1
420116197404106618 0 0 0 0 0 0 0 0 0 0 0
420102196307263328 0 0 0 0 0 0 0 0 0 0 1
420104197911064314 0 0 0 0 0 0 0 0 0 0 0
422228196705167519 0 0 0 1 0 0 0 1 1 0 0
420101198309127533 0 0 0 0 0 0 0 0 0 0 0
420116199306010494 0 0 0 0 0 0 0 0 0 0 0
420104196110052415 0 0 0 0 0 0 0 0 0 0 0
420117198806174710 0 0 0 1 0 0 0 0 0 0 0
429005198506140057 0 0 0 0 0 0 0 0 0 0 0
420111199301111331 0 0 0 0 0 0 0 0 0 0 0
420103197608270813 0 0 0 0 0 0 0 0 0 0 1
420106196908213217 0 0 0 0 0 0 0 0 0 0 0
420105197110182034 0 0 0 0 0 0 0 0 0 0 0
