420114198012075455 0 0 0 0 0 0 0 0 0 0 1
420102196102172836 0 0 0 0 0 0 0 0 0 0 0
420106198101094084 0 0 0 0 0 0 0 0 0 0 1
420102198306200818 0 0 0 0 0 0 0 0 0 0 0
421083198511033899 0 0 1 1 0 0 0 0 0 0 0
420106196210245284 0 0 0 0 0 0 0 0 0 0 1
420702199502236954 0 0 0 0 0 0 0 0 0 0 0
420112196604282114 0 0 0 0 0 0 0 0 0 0 0
420117198604020051 0 0 0 1 0 0 0 0 0 0 0
42010419630305365X 0 0 0 0 0 0 0 0 0 0 0
42010219680115205X 0 0 0 1 0 0 0 0 0 0 1
420105198412210015 0 0 0 0 0 0 0 0 0 0 0
42011719890914002X 0 0 0 0 0 0 0 0 0 0 0
420116199304080835 0 0 0 0 0 0 0 0 0 0 0
232131197502082912 0 0 0 1 0 0 0 0 2 0 0
420106198206243234 0 0 0 0 0 0 0 0 0 0 0
420102197604193113 0 0 0 0 0 0 0 0 0 0 1
420104199211093017 0 0 0 0 0 0 0 1 0 0 1
420105197501290833 0 0 0 0 0 0 0 0 0 0 0
42220219801101613X 0 0 0 1 0 0 0 0 0 0 0
420124196210270431 0 0 0 0 0 0 0 0 0 0 1
420103198805033213 0 0 0 0 0 0 0 0 0 0 0
42010319741203494X 0 0 0 0 0 0 0 0 0 0 0
420102197401280014 0 0 0 0 0 0 0 0 0 0 1
420111196901313419 0 0 0 0 0 0 0 0 0 0 0
420114198310070505 0 0 0 0 0 0 0 0 1 0 0
420104198104250414 0 0 0 0 0 0 0 0 0 0 1
420111198509201331 0 0 0 0 0 0 0 0 6 0 0
420111198008290014 0 0 0 0 0 0 0 0 0 0 0
420104195309022710 0 0 0 1 0 0 0 0 0 0 0
420124198209255954 0 0 0 0 0 0 0 0 0 0 0
420122197903071613 0 0 0 1 0 0 0 0 0 0 0
420106196002263277 0 0 0 0 0 0 0 0 0 0 0
42010519920830123X 0 0 0 0 0 0 0 0 0 0 0
422201198312190813 0 0 0 0 0 0 0 0 0 0 1
420117198910106750 0 0 0 1 0 0 0 0 1 0 0
420103197507290030 0 0 0 0 0 0 0 0 0 0 0
422202199609272423 0 0 6 1 0 0 0 0 0 36 0
420105198910272024 0 0 0 0 0 0 0 0 0 0 0
420115198008157956 0 0 0 1 0 0 0 0 0 0 0
42010419750901081X 0 1 0 1 0 0 0 0 0 0 0
420105195701194214 0 0 0 0 0 0 0 0 0 0 0
420115198908074013 0 0 0 0 0 0 0 0 0 0 0
420123196901184931 0 0 0 0 0 0 0 0 0 0 0
420115198810200077 0 0 0 0 0 0 0 0 0 0 0
420123197206111719 0 0 0 0 0 0 0 0 4 0 1
420105196608164218 0 0 0 0 0 0 0 0 0 0 0
420114197507290558 0 0 0 0 0 0 0 0 0 0 1
420116198810045237 0 0 0 1 0 0 0 0 0 0 0
420527199706135326 0 0 0 0 0 0 0 0 0 0 0
420123197703173734 0 0 0 0 0 0 0 0 0 0 0
420102197111113138 0 0 0 0 0 0 0 0 0 0 0
420106196305052821 0 0 0 0 0 0 0 0 1 0 0
22018219890607862X 0 0 0 1 0 0 0 1 0 0 0
42010419830427041X 0 0 0 0 0 0 0 0 0 0 0
42012219700203281X 0 0 0 0 0 0 0 0 0 0 1
420114198712122216 0 0 0 0 0 0 0 0 0 0 0
510681199408145513 0 0 0 0 0 0 46 1 0 0 1
420112198407292734 0 0 0 0 0 0 16 1 0 0 0
654124198506200614 0 0 0 1 0 0 0 0 0 0 0
420528198603281031 0 0 0 0 0 0 0 0 0 0 0
420106197704232015 0 0 0 0 0 0 0 0 0 0 0
420102197310222011 0 0 0 0 0 0 0 0 0 0 0
420114198611161216 0 0 0 0 0 0 0 0 0 0 0
420117199404282318 0 0 0 0 0 0 0 0 1 0 0
36012119961127313X 0 0 0 1 0 0 0 0 0 6 1
420104196411141243 0 0 0 0 0 0 0 0 0 0 0
420625199107225621 0 0 0 0 0 0 0 0 0 0 0
420104195412062438 0 0 0 0 0 0 0 0 0 0 0
420117199111293515 0 0 0 1 0 0 0 0 0 0 0
420105197302161617 0 0 0 0 0 0 0 0 0 0 0
420105196107151216 0 0 0 0 0 0 0 0 0 0 0
420102198308131019 0 0 0 1 0 0 0 0 0 0 0
341222198901288457 0 0 0 1 0 0 6 1 0 0 0
42010519670926201X 0 0 0 0 0 0 0 0 0 0 1
420117199110260092 0 0 0 0 0 0 0 0 0 24 0
421127199008282862 0 0 0 0 0 0 0 0 15 0 1
420123198206146916 0 0 0 0 0 0 0 0 1 0 1
420114197904030039 0 0 0 0 0 0 0 0 0 0 1
420984196108144412 0 0 0 0 0 0 0 0 0 0 0
420107197807013719 0 0 0 0 0 0 0 0 0 0 0
231083199309290014 0 0 0 0 0 0 0 1 0 0 0
522401199803147624 0 0 0 0 0 0 0 0 0 0 0
420105197211283213 0 0 0 0 0 0 0 0 0 0 0
430822198609257577 0 3 0 1 0 0 0 0 0 0 0
420801196408084259 0 0 0 0 0 0 0 0 0 0 0
420115198403044716 0 0 0 0 0 0 0 0 1 0 1
420116199006276610 0 0 0 1 0 0 0 0 0 0 1
420103197906281211 0 0 0 0 0 0 0 0 0 0 0
420122196701154037 0 0 0 0 0 0 0 0 0 0 0
360121199312033136 0 0 0 0 0 0 0 0 0 0 1
420107197601302013 0 0 0 0 0 0 0 0 0 0 1
420112199006052435 0 0 0 0 0 0 0 1 0 0 0
420115198910060147 0 0 0 0 0 0 0 0 0 0 0
420123196910120438 0 0 0 0 0 0 0 0 0 0 1
433130197909081120 0 0 0 0 0 0 0 0 0 0 0
420113198007230012 0 0 0 0 0 0 0 0 0 0 1
420116199004021470 0 0 0 1 0 0 0 0 0 0 0
420106196604021232 0 0 0 0 0 0 0 0 0 0 0
420111197312066311 0 0 0 0 0 0 0 0 0 0 0
420102196007151738 0 0 0 0 0 0 0 0 0 0 1
420102196106032451 0 0 0 0 0 0 0 0 0 0 1
420106196803173212 0 0 0 0 0 0 0 0 1 0 1
420116198612013779 0 0 0 0 0 0 0 0 0 0 0
422201199301267314 0 0 0 1 0 0 0 0 1 0 0
420105196909221634 0 0 0 0 0 0 0 0 0 0 0
42010319630506003X 0 0 0 0 0 0 0 0 0 0 1
420116199205062033 0 0 0 0 0 0 0 0 1 0 0
420117198712014353 0 0 0 0 0 0 0 0 0 0 0
42082119951214031X 0 0 0 1 0 0 0 0 0 0 0
421121198507070028 0 0 0 0 0 0 0 0 0 0 1
420102198807112410 0 0 0 0 0 0 0 0 0 0 0
42112119890214631X 0 0 0 1 0 0 0 0 0 0 1
420106197011140011 0 0 0 0 0 0 0 0 0 82 0
420102198501150019 0 0 0 0 0 0 0 0 0 0 0
420105197310013630 0 0 0 0 0 0 0 0 1 0 0
420102196106031213 0 0 0 0 0 0 0 0 0 0 0
420984199305107534 0 1 0 1 13 0 0 1 0 0 0
420111198507234033 0 0 0 1 0 0 0 0 0 0 0
420114198701195153 0 0 0 0 0 0 0 0 0 0 0
420400197512281013 0 0 0 0 0 0 0 0 0 0 0
420104196308204330 0 0 0 1 0 0 0 0 0 0 0
420106195708131212 0 0 0 0 0 0 0 0 0 0 0
42012319781114413X 0 0 0 0 0 0 0 0 0 0 0
42068219891117301X 0 0 0 0 0 0 0 0 0 0 0
420102196303240612 0 0 0 0 0 0 0 0 0 0 0
422431196901052515 0 0 0 0 0 0 0 0 0 0 0
420116198908058511 0 0 0 0 0 0 0 0 0 0 1
42010319690922041X 0 0 0 0 0 0 0 0 0 0 0
420105196404151212 0 0 0 0 0 0 0 0 0 0 0
420104196203313629 0 0 0 1 12 0 0 1 0 0 1
420106196809143217 0 0 0 0 0 0 0 0 0 0 0
420106197109233611 0 0 0 0 0 0 0 0 0 0 0
420107198804071029 0 0 0 0 0 0 0 0 0 0 0
420102197410161017 0 0 0 0 0 0 0 0 0 0 0
420102199101191713 0 0 0 0 0 0 0 0 0 0 1
420104196908014012 0 0 0 0 0 0 0 0 0 0 0
420113197302280018 0 0 0 0 0 0 0 0 0 0 0
420114197509155130 0 0 0 0 0 0 0 0 0 0 0
42010419540816161X 0 0 0 0 0 0 0 0 0 0 0
420111198604170027 0 0 0 1 0 0 0 0 0 0 0
420102196202171718 0 0 0 1 0 0 0 0 0 0 1
420114197910100531 0 0 0 0 0 0 0 0 0 0 0
420111197909214073 0 0 0 0 0 0 0 0 0 0 0
429004198108011931 0 0 0 0 0 0 0 0 0 0 0
420105196310031631 0 0 0 0 0 0 0 0 0 0 0
420106197606162017 0 0 0 0 0 0 0 0 0 1 0
420123198302055213 0 0 0 0 0 0 0 0 0 0 0
420102196107153132 0 0 0 0 0 0 0 0 0 0 0
420101198510017117 0 0 0 0 0 0 0 0 0 0 0
420105198509113238 0 0 0 0 0 0 0 0 0 3 1
420114199004102817 0 0 0 1 0 0 0 0 0 0 0
420102198201092419 0 0 0 0 0 0 0 0 0 0 0
42010419641213087X 0 0 0 0 0 0 0 0 0 0 0
420116198810034511 0 0 0 0 0 0 0 0 0 0 0
420121195507201513 0 0 0 0 0 0 0 0 0 0 0
420103195903030434 0 0 0 0 0 0 0 0 0 0 0
420123196801055614 0 0 0 0 0 0 0 0 0 0 0
42010419770528122X 0 0 0 0 0 0 0 0 0 0 0
420104196908063316 0 0 0 0 0 0 0 0 0 0 1
420103196512261213 0 0 0 1 0 0 0 0 0 0 1
420101198809217519 0 0 0 0 0 0 0 0 0 0 0
420104197311153321 0 0 0 0 0 0 0 0 0 0 0
420114196811281213 0 0 0 0 0 0 0 0 0 0 0
420107196309250530 0 0 0 0 0 0 0 0 0 0 0
420117198803276711 0 0 0 0 0 0 0 0 0 0 0
429006197605083619 0 0 0 0 0 0 0 0 1 0 0
420117198904257931 0 0 0 0 0 0 0 0 0 0 0
420106197010274114 0 0 0 0 0 0 0 0 0 0 0
420117199005135935 0 0 0 0 0 0 0 0 0 0 0
420102700903202 0 0 0 0 0 0 0 0 0 0 0
420124197909167117 0 0 0 0 0 0 0 0 0 0 0
420106196809274452 0 0 0 0 0 0 0 0 0 0 1
420123197503081712 0 0 0 0 0 0 0 0 0 0 1
420111197909201352 0 1 0 1 0 0 3 1 8 0 0
420123197505135614 0 0 0 0 0 0 0 0 0 0 0
420107196309141051 0 0 0 0 0 0 0 0 0 0 0
420107196402241057 0 0 0 0 0 0 0 0 0 0 0
420104196103072012 0 0 0 0 0 0 0 0 0 0 0
42900419740616291X 0 0 0 0 0 0 0 0 0 0 1
220381198301264010 0 0 0 1 0 0 0 0 0 0 0
420105197109281211 0 0 0 0 0 0 0 1 0 0 0
422322198501106630 0 0 0 1 0 0 0 0 0 0 0
420124196609264316 0 0 0 1 0 0 0 0 0 0 0
420104197005310093 0 0 0 0 0 0 0 0 0 0 1
420984198511220015 0 0 0 0 0 0 0 0 0 0 0
420117199106040433 0 0 0 0 0 0 0 0 0 0 0
42010719630124059X 0 0 0 0 0 0 0 0 0 0 0
420106196201071219 0 0 0 0 0 0 0 0 0 0 0
42011119840821132X 0 0 0 0 0 0 0 0 0 0 1
420114199109010572 0 0 0 0 0 0 0 0 0 0 1
420123198301156629 0 0 0 1 0 0 0 0 0 0 0
420104197802123012 0 0 0 0 0 0 0 0 0 0 0
420104195607261218 0 0 0 0 0 0 0 0 0 0 0
420122196701205519 0 0 0 0 0 0 0 0 0 0 1
420117198908041273 0 0 0 0 0 0 0 0 0 0 0
420116198907105611 0 0 0 0 0 0 0 0 0 0 0
420121197407150033 0 0 0 0 0 0 0 0 1 0 1
420104198011050413 0 0 0 0 0 0 0 0 0 0 0
420106196604030411 0 0 0 0 0 0 0 0 0 0 0
420104196807232715 0 0 0 1 0 0 0 0 0 0 0
420104197805304310 0 0 0 0 0 0 0 0 0 0 0
420104199112050038 0 0 0 0 0 0 0 0 6 0 0
420114197702031252 0 0 0 0 0 0 0 0 0 0 1
420105196509022417 0 0 0 0 0 0 0 0 0 0 1
420104196902064019 0 0 0 0 0 0 0 0 0 0 0
420116198602263758 0 0 0 0 0 0 0 1 1 0 0
420112199002260018 0 0 0 0 0 0 0 0 0 0 0
42012219731010001X 0 0 0 0 0 0 0 0 0 0 1
420984198003172416 0 0 0 0 0 0 0 0 0 0 0
420114198701060718 0 0 0 0 0 0 0 0 0 0 0
420117198712310013 0 0 0 0 0 0 0 0 0 0 0
420104196307093325 0 0 0 0 0 0 0 0 0 0 0
420102196912040317 0 0 0 0 0 0 0 0 0 0 0
420124197511191299 0 0 0 0 0 0 0 0 0 0 0
420122196811020021 0 0 0 0 0 0 0 0 0 0 0
42010719620212004X 0 0 0 0 0 0 0 0 0 0 0
420104195802172413 0 0 0 0 0 0 0 0 0 0 0
420111197405271824 0 0 0 0 0 0 0 0 0 0 1
420116199103033354 0 0 0 0 0 0 0 0 0 0 1
420984197809295015 0 0 0 0 0 0 0 0 0 14 1
420106197007094059 0 0 0 0 0 0 0 0 0 0 1
420106195508182453 0 0 0 0 0 0 0 0 0 0 0
42011619850812521X 0 0 0 0 0 0 0 0 0 0 0
420105196702192418 0 0 0 0 0 0 0 0 0 0 0
420114196109235110 0 0 0 0 0 0 0 0 0 0 1
420114197705150513 0 0 0 0 0 0 0 0 0 0 1
420104198612164037 0 0 0 0 0 0 0 0 0 0 0
513401198306210615 0 0 0 0 0 0 0 0 0 0 0
420104197702254015 0 0 0 0 0 0 0 0 0 0 0
420106196510163678 0 0 0 0 0 0 0 0 0 0 0
420107197801234115 0 0 0 0 0 0 0 0 0 0 0
420107196507162515 0 0 0 0 0 0 0 0 0 0 0
230302197606225321 0 0 0 1 0 0 0 0 0 0 0
42010419830216201X 0 0 0 0 0 0 0 0 0 0 0
420113199301310018 0 0 0 0 0 0 0 0 0 0 0
420103197809054930 0 0 0 0 0 0 0 0 0 0 0
420114197704070730 0 0 0 0 0 0 0 0 0 0 0
33030219630322323X 0 0 0 0 0 0 0 0 0 0 1
42011519941025162X 0 0 0 0 0 0 0 0 0 0 0
420102198209241415 0 0 0 0 0 0 0 0 1 0 0
420102198610022817 0 0 0 0 0 0 0 0 0 0 0
420122197409304418 0 0 0 0 0 0 0 0 0 15 0
420103196510230413 0 0 0 0 0 0 0 0 0 0 0
420106196212213235 0 0 0 0 0 0 0 0 0 0 1
420104197610164020 0 0 0 0 0 0 0 0 0 0 0
42010619761230363X 0 0 0 0 0 0 0 0 0 0 0
420116199304054135 0 0 0 0 0 0 0 0 0 0 0
420102197703231234 0 0 0 1 0 0 0 0 0 0 1
420107197911224145 0 0 0 0 0 0 0 0 0 0 0
420116199012082732 0 0 0 1 0 0 0 1 0 0 1
420123197012216950 0 0 0 0 0 0 0 0 0 0 0
420111197606215511 0 0 0 0 0 0 0 0 0 0 0
512221197007121312 0 0 0 1 0 0 0 0 0 0 1
420121196601290510 0 0 0 0 0 0 0 0 0 0 0
420114198402090714 0 0 0 1 0 0 0 0 0 0 1
51343419880301599X 0 0 0 1 0 0 0 0 0 0 0
420117198812223558 0 0 0 0 0 0 0 0 0 0 0
420104198606293019 0 0 0 0 0 0 0 0 0 24 0
420107196001130030 0 2 0 1 0 0 0 0 0 0 0
420683198812063428 0 0 0 1 0 0 0 0 0 0 0
420102196907191022 0 0 0 0 0 0 0 0 0 0 0
420106197809063211 0 0 0 0 0 0 0 0 0 0 0
42010319741122491X 0 0 0 0 0 0 0 0 0 0 1
420103196402262047 0 0 0 0 0 0 0 0 0 0 0
420102196809081719 0 0 0 0 0 0 0 0 0 0 1
420606198010053049 0 0 0 0 0 0 0 0 0 0 0
42011619911215115X 0 0 0 0 0 0 0 0 0 0 0
420106198903211334 0 0 0 0 0 0 0 0 0 0 0
422802199609013029 0 0 0 0 0 0 0 0 0 0 0
429004199102062353 0 0 0 0 0 0 0 0 0 0 0
420104196310274055 0 0 0 0 0 0 0 0 0 0 0
420117198811037614 0 0 0 0 0 0 0 0 1 0 0
420104197804154314 0 0 0 0 0 0 0 0 0 0 0
420102197001290643 0 0 0 0 0 0 0 0 0 0 0
42010619631213127X 0 0 0 0 0 0 0 0 0 0 0
420104196305064336 0 0 0 0 0 0 0 0 0 0 0
420107197706111512 0 0 0 0 0 0 0 0 0 0 0
420112197503020312 0 0 0 0 0 0 0 0 0 376 1
420102196711202834 0 0 0 0 0 0 0 0 0 0 0
420102196401271420 0 0 0 0 0 0 0 0 0 0 0
420114198807180099 0 0 0 0 0 0 0 0 0 0 0
420111196504251314 0 0 0 0 0 0 0 0 0 0 0
420115199308068810 0 0 0 0 0 0 0 0 0 0 0
420116197504106930 0 0 0 0 0 0 0 0 0 0 1
42011419780706005X 0 0 0 0 0 0 0 0 0 0 0
420105197012254268 0 0 0 0 0 0 0 0 0 0 0
420102199109074052 0 0 0 0 0 0 0 0 0 0 1
421083198006103518 0 0 0 0 0 0 0 0 0 0 1
420111197105010016 0 0 0 0 0 0 0 0 0 0 0
420114198709170719 0 0 0 0 0 0 0 0 0 0 0
420122198106044713 0 0 0 0 0 0 0 0 17 0 0
420117199110081211 0 0 0 0 0 0 0 0 0 0 1
42011719911124633X 0 0 0 0 0 0 0 0 0 0 0
42011419770702051X 0 0 0 0 0 0 0 0 0 0 0
420104197111012719 0 0 0 0 0 0 0 0 0 0 0
420102196209152018 0 0 0 0 0 0 0 0 1 0 1
420102196903070813 0 0 0 0 0 0 0 0 0 0 1
420122197306275511 0 0 0 0 0 0 0 0 0 0 0
510228197402251427 0 0 0 1 0 0 0 0 0 0 0
420124197006193111 0 0 0 0 0 0 0 0 0 0 1
420106196001140013 0 0 0 0 0 0 0 0 0 0 0
420104196011263620 0 0 0 0 0 0 0 0 0 0 0
420106197001074049 0 0 0 0 0 0 0 0 0 0 0
420121196910181211 0 0 0 0 0 0 0 0 0 0 0
420102196308272015 0 0 0 0 0 0 0 0 0 0 1
420104198507040016 0 0 0 0 0 0 0 0 0 0 1
420103198308204915 0 0 0 0 0 0 0 0 0 0 0
42011319850725001X 0 0 0 0 0 0 0 0 0 0 1
420105197305270018 0 0 0 0 0 0 0 0 0 0 0
230524197112231114 0 0 0 1 0 0 0 0 0 0 1
422124197007263910 0 0 0 1 0 0 0 0 0 0 0
420112197703132116 0 0 0 0 0 0 0 0 0 0 1
42232519950612222X 0 0 0 1 0 0 0 0 0 0 1
420116198407035610 0 0 0 1 0 0 0 0 2 0 0
420107199010293329 0 0 0 0 0 0 0 0 0 0 0
420106198106263211 0 0 0 0 0 0 0 0 0 0 1
420124197411060419 0 0 0 1 0 0 0 0 0 33 1
420122197310178319 0 0 1 1 0 0 0 0 0 0 0
420922198003116810 0 0 0 0 0 0 0 0 1 0 0
420124198210125938 0 0 0 1 0 0 0 0 0 0 0
420105196501020011 0 0 0 0 0 0 0 0 0 0 0
420203195408092924 0 0 0 0 0 0 0 0 0 0 0
420117199107271217 0 0 0 0 0 0 0 0 0 0 0
420105196903183614 0 0 0 0 0 0 0 0 0 0 1
420115199308283617 0 0 0 0 0 0 0 0 0 0 0
420115198709105817 0 0 0 0 0 0 0 0 0 0 1
421221199104256119 0 1 0 1 0 0 0 0 0 0 1
420121197403220516 0 0 0 0 0 0 0 0 0 0 1
420104197601261611 0 0 0 0 0 0 0 0 0 0 1
420103198809270830 0 0 0 0 0 0 0 0 1 0 1
420107196607210043 0 0 0 0 0 0 0 0 0 0 0
420111197610126626 0 0 0 0 0 0 0 0 0 0 1
420123196411055213 0 0 0 0 0 0 0 0 0 0 1
420106197302123238 0 0 0 0 0 0 0 0 0 0 0
420106196201021633 0 0 0 0 0 0 0 1 0 0 1
420102197206160033 0 0 0 0 0 0 0 0 0 0 0
421127198207011315 0 0 2 1 0 0 0 1 1 0 0
420106198610210426 0 0 0 0 0 0 0 0 0 0 0
420111196812222312 0 0 0 0 0 0 0 0 1 0 0
420625199001052523 0 1 0 1 0 0 0 0 7 0 1
420105197104080023 0 0 0 0 0 0 0 0 0 0 0
420102199012060615 0 0 0 0 0 0 0 1 0 0 1
513435198801063193 0 0 2 1 0 0 0 0 0 0 0
420114198510301929 0 0 0 0 0 0 0 0 0 2054 1
420114197805285116 0 0 0 0 0 0 0 0 0 0 1
420105197705081216 0 0 0 0 0 0 0 0 0 0 0
420114199211225115 0 0 0 0 0 0 0 0 1 0 0
420102198503013317 0 0 0 0 0 0 0 0 0 0 0
420107197609020512 0 0 0 0 0 0 0 0 0 0 1
420111198210040537 0 0 0 0 0 0 0 0 0 0 1
42010619641005401X 0 0 0 0 0 0 0 0 0 0 0
42010219670922281X 0 0 0 0 0 0 0 0 0 0 0
420106196310043671 0 0 0 0 0 0 0 0 0 0 0
421081198812085358 0 0 0 0 0 0 0 0 0 0 1
421083198108075917 0 0 0 0 0 0 0 0 0 0 1
420106199412093243 0 0 0 0 0 0 0 0 0 0 1
420922199202083446 0 0 0 0 0 0 0 0 0 0 1
420117199012300038 0 0 0 0 0 0 0 0 0 0 0
42010119821214701X 0 0 0 0 0 0 0 0 0 0 0
42010619550701081X 0 0 0 0 0 0 0 0 0 0 0
421181199311221331 0 0 0 0 0 0 0 0 0 0 0
420902198708037711 0 0 0 1 0 0 0 0 1 0 1
420107196612050531 0 0 0 0 0 0 0 0 0 0 0
420115199305032812 0 0 0 0 0 0 0 0 0 0 0
420123197508021129 0 0 0 0 0 0 0 0 0 0 0
42011119880414371X 0 0 0 1 0 0 0 0 0 0 1
42011719930916353X 0 0 0 1 0 0 0 0 0 0 0
422127198103014619 0 0 0 0 0 0 0 0 0 0 1
422201198907047231 0 0 0 0 0 0 0 0 0 0 0
420100196203201736 0 0 0 0 0 0 0 0 0 0 0
420105198607141611 0 0 0 0 0 0 0 0 0 0 0
420122196611040933 0 0 0 1 0 0 0 0 2 0 0
420102197204012010 0 0 0 0 0 0 0 0 0 0 1
420102198210013321 0 0 0 0 0 0 0 0 0 0 0
420106198308110811 0 0 0 0 0 0 0 0 0 0 1
420123197409055219 0 0 0 0 0 0 0 0 0 0 0
432524199304267726 0 0 0 0 0 0 0 0 0 0 0
420115197912180914 0 2 0 1 0 0 18 1 2 0 0
420115198709029818 0 0 0 0 0 0 0 0 0 0 1
42130219940222463X 0 0 0 1 0 0 0 1 0 0 0
420103198306101613 0 0 0 0 0 0 0 0 0 0 0
420111195605303430 0 0 0 0 0 0 0 0 0 0 0
420104197611221613 0 0 0 0 0 0 0 0 0 0 0
420104199012044714 0 0 0 1 0 0 0 0 0 0 0
421121199201104015 0 0 0 0 0 0 0 0 0 0 0
420111198504255517 0 0 0 0 0 0 0 1 0 0 1
420111197401055518 0 0 0 0 0 0 0 0 0 0 0
420111198301190012 0 0 0 0 0 0 0 0 1 0 0
522622198705300531 0 0 0 0 0 0 0 0 0 0 0
420123196807134153 0 0 0 0 0 0 0 0 10 0 1
42011419900615547X 0 0 0 0 0 0 0 0 0 3 0
420111197102030521 0 0 0 0 0 0 0 0 0 0 0
420102198509261717 0 0 0 0 0 0 0 0 0 0 0
420107196701152046 0 0 0 0 0 0 0 0 0 0 1
420984197201207814 0 0 0 1 0 0 0 0 3 0 0
420123198104295232 0 0 0 0 0 0 0 0 0 0 0
420112199208273017 0 0 0 0 0 0 0 0 0 0 0
420107198204234138 0 0 0 0 0 0 0 0 0 0 1
420124197504057921 0 0 0 0 0 0 0 0 0 0 1
42010419630901247X 0 0 0 0 0 0 0 0 1 0 1
420103196612100417 0 0 0 0 0 0 0 0 0 0 0
420104197201283029 0 0 0 0 0 0 0 0 0 0 0
420105196005020418 0 0 0 0 0 0 0 0 0 0 0
420105197302121631 0 0 0 0 0 0 0 0 0 0 0
420102198001312835 0 0 0 0 0 0 0 0 0 0 0
420116198812235210 0 0 0 0 0 0 0 0 0 0 1
420112198902153918 0 0 0 1 0 0 0 0 0 0 1
440400196511044533 0 0 0 0 0 0 0 0 0 0 0
420123196705061766 0 0 0 0 0 0 0 0 2 0 0
420114198204305411 0 0 0 0 0 0 0 0 0 0 1
420325198208262615 0 0 0 1 0 0 0 0 0 0 1
421102199006180531 0 0 0 0 0 0 0 1 0 0 0
360481197702090033 0 0 0 0 0 0 0 0 0 0 0
420122196810025832 0 0 0 0 0 0 0 0 0 0 1
420112198510180917 0 0 0 0 0 0 0 0 0 0 0
422201198801280887 0 0 0 1 0 0 0 0 2 0 1
420104197502173616 0 0 0 0 0 0 0 0 0 3 1
420115199010143697 0 0 0 0 0 0 0 0 0 0 0
420106196910204010 0 0 0 0 0 0 0 0 0 0 1
420105196501302414 0 0 0 0 0 0 0 0 0 0 0
420104198009054714 0 1 0 1 0 0 0 1 0 0 0
420102198707030012 0 0 0 0 0 0 0 0 0 0 0
42011619970912455X 0 0 0 1 0 0 0 0 0 0 1
420107197004281015 0 0 0 0 0 0 0 0 0 0 0
420104198901204736 0 0 0 0 0 0 0 0 0 0 1
420703198908102413 0 0 0 0 0 0 0 0 0 3 0
420117199201197578 0 0 0 0 0 0 0 0 0 0 1
420106198112192413 0 0 0 0 0 0 0 0 0 4 0
421125199004115511 0 0 0 1 0 0 0 0 0 0 0
421221198809061069 0 0 0 0 0 0 0 0 0 0 1
513432198607057313 0 0 3 1 0 0 0 0 0 0 0
420106197910102019 0 0 0 1 0 0 0 0 0 0 0
420103199209283712 0 0 0 0 0 0 0 0 0 0 1
420107197608031017 0 0 0 0 0 0 0 0 0 0 0
420105780429001 0 0 0 0 0 0 0 0 0 0 0
420111196902030015 0 0 0 0 0 0 0 0 9 0 1
420107196207040065 0 0 0 0 0 0 0 0 0 0 0
420102196612022854 0 0 0 0 0 0 0 0 0 0 0
422123197605134522 0 0 0 0 0 0 0 0 0 0 0
420115198406144771 0 0 0 0 0 0 0 0 0 0 1
420106197507303259 0 0 0 0 0 0 0 0 0 0 0
420107198904081013 0 0 0 0 0 0 0 0 1 0 0
42010219650221103X 0 0 0 0 0 0 0 0 0 0 0
420104196810103316 0 0 0 0 0 0 0 0 0 0 0
420114198906305176 0 0 0 0 0 0 0 0 0 0 1
420113198703201119 0 0 0 0 0 0 0 0 0 0 1
420324198109301045 0 0 0 1 0 0 0 0 1 0 0
420102195812084019 0 0 0 0 0 0 0 0 0 0 1
420112198105123011 0 0 0 0 0 0 0 0 0 0 0
420114199302081911 0 0 0 1 0 0 0 0 0 0 1
420103198205273213 0 0 0 0 0 0 0 0 0 0 0
420104196903061215 0 0 0 0 0 0 0 0 0 0 0
42010219690211081X 0 0 0 0 0 0 0 0 0 0 0
420114197903055138 0 0 0 0 0 0 0 0 0 0 1
420117198908277577 0 0 0 0 0 0 0 0 0 0 0
420112198504263935 0 0 0 0 0 0 0 0 0 0 1
422801196810222236 0 0 0 1 0 0 0 0 0 2 0
420902197108127313 0 0 0 0 0 0 0 0 0 0 0
420102198512083130 0 0 0 0 0 0 0 0 0 0 1
420102198711133110 0 0 0 0 0 0 0 0 0 1 0
420102198307041417 0 0 0 0 0 0 0 0 0 0 1
420116198401102448 0 0 0 0 0 0 0 0 0 0 0
422201195910160514 0 0 0 0 0 0 0 0 0 0 0
422802199504015474 0 0 0 0 0 0 0 0 0 0 0
420104197511210036 0 0 0 0 0 0 0 0 0 0 0
420115199407015116 0 0 0 0 26 0 0 1 0 0 1
42011119830821139X 0 0 0 0 0 0 0 0 0 0 0
43312519880426272X 0 3 0 1 0 0 0 0 1 1 0
420102198610132813 0 0 0 0 0 0 0 0 0 0 0
42010419621102363X 0 0 0 0 0 0 0 0 0 0 1
341002198808120223 0 0 0 1 0 0 0 0 0 0 0
420124198008080094 0 0 0 0 0 0 0 0 5 0 1
42011519770628793X 0 0 0 0 0 0 0 0 0 0 0
420115199212182838 0 0 0 0 0 0 0 0 0 0 0
420107196701070534 0 0 0 0 0 0 0 0 0 0 0
111111196711051110 0 0 0 0 0 0 0 0 0 0 0
420112198803072741 0 0 0 0 0 0 0 0 0 0 0
420124196803064772 0 3 0 1 0 0 0 0 0 0 0
421222199804014838 0 0 0 0 0 0 0 0 0 0 0
420116199103040036 0 0 0 1 0 0 0 0 0 0 0
420102197812171453 0 0 0 0 0 0 0 0 0 0 0
422202199212246518 0 0 0 0 0 0 0 0 0 0 0
420114198010043919 0 0 0 0 0 0 0 0 0 0 1
420102196305100023 0 0 0 0 0 0 0 0 0 0 0
420111197906222318 0 0 0 0 0 0 0 0 0 0 0
420111199607103115 0 0 0 0 0 0 0 0 0 0 1
420121197404282217 0 0 0 0 0 0 0 0 0 0 0
42098419870305703X 0 0 0 1 0 0 0 0 0 0 1
420106196306260075 0 0 0 0 0 0 0 0 0 0 0
420114199205050013 0 0 0 0 0 0 0 0 0 0 0
522701197008010327 0 0 0 0 0 0 0 0 0 0 0
420104196201122415 0 0 0 0 0 0 0 0 0 0 0
420111197310293713 0 0 0 0 0 0 0 0 0 0 1
420105197904031211 0 0 0 0 0 0 0 0 0 0 0
421002198010171427 0 0 0 0 0 0 0 0 2 0 0
420115199801215132 0 0 0 0 0 0 0 0 0 0 0
420107197811243314 0 0 0 1 0 0 0 0 1 0 0
42010219591020247X 0 0 0 0 0 0 0 0 0 0 0
420123196808064177 0 0 0 0 0 0 0 0 0 0 1
420104197005064312 0 0 0 0 0 0 0 0 0 0 0
420122197701170103 0 0 0 0 0 0 0 0 0 0 0
421181199308124418 0 0 0 0 0 0 0 0 0 0 0
420117199508187112 0 0 0 0 0 0 0 1 1 0 0
420102196502232412 0 0 0 0 0 0 0 0 0 0 0
420107198605312010 0 0 0 0 0 0 0 0 0 0 0
420123197502261236 0 0 0 0 0 0 0 0 1 0 0
420104197107213112 0 0 0 0 0 0 0 0 0 0 1
420106197908260843 0 0 0 0 0 0 0 0 0 0 1
420102196408030638 0 0 0 0 0 0 0 0 0 0 0
420111197810082330 0 0 0 0 0 0 0 0 0 0 0
422202197812051846 0 0 0 0 0 0 0 0 0 0 0
420106197301052845 0 0 0 0 0 0 0 0 0 0 0
420114199611095110 0 0 0 0 0 0 0 0 0 0 0
420100196403021756 0 0 0 0 0 0 0 0 0 0 0
420103198007162416 0 0 0 0 0 0 0 1 0 0 0
420102197404292416 0 0 0 0 0 0 0 0 0 0 0
420102198507113710 0 0 0 0 0 0 0 0 0 0 1
42010319621011375X 0 0 0 0 0 0 0 0 0 0 0
420104196801273639 0 0 0 0 0 0 0 0 0 0 1
420121197109155434 0 0 0 0 0 0 0 0 0 0 1
420107196003131512 0 0 0 0 0 0 0 0 0 0 0
420117199209020451 0 0 0 0 0 0 0 0 0 0 1
420122196710145116 0 0 0 0 0 0 0 0 0 0 1
420111198211120010 0 0 0 0 0 0 0 0 0 0 0
420112197102040013 0 0 0 0 0 0 0 0 0 0 0
420102196407254031 0 0 0 0 0 0 0 0 0 0 0
420102198807260317 0 0 0 0 0 0 0 0 0 0 1
420102198503081010 0 0 0 0 0 0 0 0 0 0 0
420102197002170619 0 0 0 0 0 0 0 0 0 0 1
42010219830824171X 0 0 0 0 0 0 0 0 0 0 1
421302200102212982 0 0 0 0 0 0 0 0 0 0 1
420102195803080622 0 0 0 0 0 0 0 0 0 0 0
42010519630106241X 0 0 0 0 0 0 0 0 0 0 0
420124196304283559 0 0 0 0 0 0 0 0 1 0 0
420124198110144314 0 0 0 0 0 0 0 0 0 0 0
420106196207294050 0 0 0 0 0 0 0 0 1 0 1
420105198808282023 0 0 0 0 0 0 0 0 1 0 1
420104196504210420 0 0 0 0 0 0 0 0 0 0 1
420102197311113116 0 0 0 0 0 0 0 0 0 0 0
652923197607280714 0 0 0 0 0 0 0 1 0 0 0
420106199205250015 0 0 0 0 0 0 0 0 0 0 0
420115198809270035 0 0 0 0 0 0 0 0 0 0 0
420984198505203630 0 0 0 0 0 0 0 0 0 0 1
420102197201302813 0 0 0 1 0 0 0 0 0 0 0
420102196801111717 0 0 0 0 0 0 0 0 0 0 0
420102196208261212 0 0 0 0 0 0 0 0 0 0 0
420984199102087019 0 0 0 0 0 0 0 0 0 0 1
420115199405010039 0 0 0 0 0 0 0 0 0 0 0
420117198404170055 0 0 0 0 0 0 0 0 0 0 0
420106196810020011 0 0 0 0 0 0 0 0 0 0 1
420105196306173231 0 0 0 0 0 0 0 0 0 0 1
420106197911084414 0 0 0 0 0 0 0 0 0 0 0
42011719851116083X 0 0 0 0 0 0 0 0 0 0 0
420107198601200521 0 0 0 1 0 0 0 0 0 0 1
420103197205273251 0 0 0 0 0 0 0 0 0 0 0
420221197609020830 0 0 0 0 0 0 0 0 0 0 0
422228197105243017 0 0 0 1 0 0 0 0 0 0 1
420106197605053249 0 0 0 0 0 0 0 0 0 0 0
420116198709186270 0 0 0 0 0 0 0 0 2 0 1
420122197602160073 0 0 0 0 0 0 0 0 0 0 0
420103197611162813 0 0 0 0 0 0 0 0 0 0 0
420122197410092416 0 0 0 0 0 0 0 0 0 0 0
420116198504095914 0 0 0 1 0 0 0 0 0 0 0
420111197409011835 0 0 0 0 0 0 0 0 0 0 0
420117198411307136 0 0 0 0 0 0 0 0 0 0 0
420112199710100031 0 0 0 0 0 0 0 1 4 0 0
42010419571214403X 0 0 0 0 0 0 0 0 1 0 1
420121197306241710 0 0 0 0 0 0 0 0 5 0 1
430211196511296817 0 0 0 0 0 0 0 0 1 0 0
421122198906305812 0 0 0 0 0 0 0 0 0 0 0
420106196512191226 0 0 0 0 0 0 0 0 0 0 0
410304197601241038 0 0 0 0 0 0 0 0 0 0 0
420984195904101718 0 0 0 0 0 0 0 0 0 0 1
420114199003271758 0 0 0 0 0 0 0 0 0 0 0
420123196702011130 0 0 0 0 0 0 0 0 0 0 0
42011119680706003X 0 0 0 1 0 0 0 0 0 0 0
42010419620606201X 0 0 0 0 0 0 0 0 0 0 1
420122198001041612 0 0 0 0 0 0 0 0 0 0 0
422323197901052514 0 0 0 0 0 0 0 0 0 0 0
420102196312120065 0 0 0 0 0 0 0 0 0 8 0
420922196503034214 0 0 0 0 0 0 0 0 0 0 0
420112198907282719 0 0 0 0 0 0 0 0 0 3 0
420112197808110618 0 0 0 0 0 0 0 0 0 0 0
420116199103202760 0 0 0 0 0 0 36 1 2 0 0
420821198703196012 0 0 0 0 0 0 0 0 0 0 0
420107197606024139 0 0 0 0 0 0 0 0 0 0 1
422322197901156675 0 0 0 0 0 0 0 0 0 0 1
420104196911301223 0 0 0 0 0 0 0 0 0 0 1
420107198809191038 0 0 0 1 0 0 0 1 0 0 1
420104196408114025 0 0 0 0 0 0 0 0 0 0 0
420703199606162810 0 0 0 0 0 0 0 0 0 0 1
421221199211136614 0 0 0 0 0 0 0 0 0 0 0
420116198408158014 0 0 0 1 0 0 0 0 2 0 0
420102197110202462 0 0 0 0 0 0 0 0 0 0 0
420112198211152430 0 0 0 0 0 0 0 0 0 0 0
420700197910012560 0 0 0 0 0 0 0 0 0 0 0
420123196907258014 0 0 0 0 0 0 0 0 0 0 0
42010219830802001X 0 0 0 0 0 0 0 0 0 0 0
420104196706290836 0 0 0 0 0 0 0 0 0 0 0
420102195512011715 0 0 0 0 0 0 0 0 0 0 0
