420102195512011715 0 0 0 0 0 0 0 0 0 0 0
420103197012042430 0 0 0 0 0 0 0 0 0 0 1
420106196812085230 0 0 0 0 0 0 0 0 0 0 0
420122197509151623 0 0 0 0 0 0 0 0 0 0 1
500236199202200657 0 0 0 0 0 0 0 0 0 0 0
420106196609010057 0 0 0 0 0 0 0 1 0 0 1
420121197510235465 0 0 0 0 0 0 0 0 0 0 0
420123198307084152 0 0 0 0 0 0 0 0 0 0 0
422432197808110013 0 0 0 1 0 0 0 0 0 0 0
420103196311302058 0 0 0 0 0 0 0 0 0 0 0
420104197812190024 0 0 0 0 0 0 0 0 0 0 0
420102197003143516 0 0 0 0 0 0 0 0 0 0 0
420114198602030054 0 0 0 0 0 0 0 0 1 0 0
420106198505053238 0 0 0 0 0 0 0 0 0 0 1
420102195902121899 0 0 0 0 0 0 0 0 0 1 1
420103196812100040 0 0 0 0 0 0 0 0 0 0 0
420124197812080832 0 0 0 0 0 0 0 0 0 0 0
420984199110022733 0 0 0 1 0 0 0 0 1 0 0
420104197901134729 0 0 0 0 0 0 0 0 1 0 0
420105199504270028 0 0 0 0 0 0 0 0 0 0 0
420114198608041213 0 0 0 0 0 0 0 0 0 1 0
420103199411263213 0 1 0 1 0 0 0 1 1 0 0
420104197401071223 0 0 0 0 0 0 0 0 0 0 1
42010619731113203X 0 0 0 0 0 0 0 0 0 0 1
420116199202216914 0 0 0 1 0 0 0 0 1 1 1
220121197005031333 0 0 0 1 0 0 0 1 0 0 0
420102198710130815 0 0 0 0 0 0 0 0 0 0 0
42010219630625071X 0 0 0 0 0 0 0 0 0 0 1
420104196312144019 0 0 0 0 0 0 0 0 0 0 1
420704198104011678 0 0 0 1 0 0 0 0 0 0 0
420111196811273716 0 0 0 0 0 0 0 0 0 0 0
420104197905220018 0 0 0 0 0 0 0 0 0 0 0
420103560316371 0 0 0 0 0 0 0 0 0 0 0
420124197111083918 0 0 0 0 0 0 0 0 0 0 0
42011519851217283X 0 0 0 0 0 0 0 0 0 0 1
420121197408101516 0 0 0 0 0 0 0 0 0 0 0
42011119720312181X 0 0 0 0 0 0 0 0 0 0 1
420114199111200535 0 0 0 0 0 0 0 0 0 0 0
420104196408032417 0 0 0 0 0 0 0 0 0 0 0
420103199311286119 0 0 0 0 0 0 1 1 1 0 1
422429197603105810 0 0 0 0 0 0 0 0 0 0 0
420104197203141630 0 0 0 0 0 0 0 0 0 0 0
42010119891113703X 0 0 0 0 0 0 0 0 0 0 0
420122197109296217 0 0 0 0 0 0 0 0 0 0 0
420102198809302015 0 0 0 0 0 0 0 0 0 0 0
420104196303111215 0 0 0 0 0 0 0 0 0 0 0
420103196203201612 0 0 0 0 0 0 0 0 0 0 0
420105198909023610 0 0 0 0 0 0 0 0 0 0 0
420106198409041237 0 0 0 0 0 0 0 0 0 0 0
42112119900701207X 0 0 0 0 0 0 0 0 0 0 0
420114198808303919 0 0 0 0 0 0 0 0 1 0 0
420117199208204777 0 0 0 0 0 0 0 0 0 0 0
422226197203186236 0 0 0 0 0 0 0 0 0 0 1
420106198301071215 0 0 0 0 0 0 0 0 0 0 0
420103196904302010 0 0 0 0 0 0 0 0 1 0 0
36012419820506031X 0 0 1 1 0 0 0 0 1 0 0
420106196908223220 0 0 0 0 0 0 0 0 0 0 0
420107196204070533 0 0 0 0 0 0 0 0 0 0 0
420102198802220017 0 0 0 0 0 0 0 0 0 1 1
429006199308154539 0 0 0 1 0 0 0 0 0 0 0
420102196509140633 0 0 0 0 0 0 0 0 0 0 1
420121197110220010 0 0 0 0 0 0 0 0 0 0 0
420112197604242416 0 0 0 0 0 0 0 0 0 0 0
420626199101016526 0 0 0 0 0 0 0 0 0 0 1
420984198411132018 0 0 0 1 0 0 0 0 0 0 0
420102197709152430 0 0 0 0 0 0 0 0 0 0 0
420104198807190016 0 0 0 0 1 0 0 1 0 1 1
42010519750508421X 0 0 0 0 0 0 0 0 0 0 1
429004199310033776 0 0 0 1 0 0 0 0 0 0 0
420923198009086276 0 0 0 0 0 0 0 0 0 0 0
420106195702162819 0 0 0 0 0 0 0 0 0 1 1
420123198006213328 0 0 0 0 0 0 0 0 0 0 1
420102197101262439 0 0 0 0 0 0 0 0 0 0 1
420107198803110073 0 0 0 0 0 0 0 0 0 1 0
42011419900208191X 0 0 0 0 0 0 0 0 0 0 1
420117199001190419 0 0 0 0 0 0 0 0 0 0 0
420103197003010015 0 0 0 0 0 0 0 0 0 0 1
420102197111284017 0 0 0 0 0 0 0 0 1 0 0
42011119931017131X 0 0 0 0 0 0 0 0 0 0 1
420104199112060017 0 0 0 0 0 0 0 0 0 0 0
511203197612234573 0 0 0 1 0 0 0 0 0 0 0
420102198307041425 0 0 0 0 0 0 0 0 0 0 0
420105196102141211 0 0 0 0 0 0 0 0 0 0 0
420106198411153211 0 0 0 0 0 0 0 0 0 0 1
420104196810121215 0 0 0 0 0 0 0 0 0 0 0
420116198607124933 0 0 0 0 0 0 0 0 0 0 0
420105197201261619 0 0 0 0 0 0 0 0 0 0 1
420104196503050058 0 0 0 0 0 0 0 0 0 0 0
420103196307103718 0 0 0 0 0 0 0 0 0 0 0
42010219910205311X 0 0 0 0 0 0 0 0 0 0 0
420923198501016544 0 0 0 0 0 0 0 0 0 0 0
422429197701078262 0 0 0 0 0 0 0 0 0 0 0
420103197709033729 0 0 0 0 0 0 0 0 0 0 1
420222198607024855 0 0 0 0 0 0 0 0 1 0 0
420102197107271723 0 0 0 0 0 0 0 0 0 0 0
420105197301294215 0 0 0 0 0 0 0 0 0 0 0
420111196711102311 0 0 0 0 0 0 0 0 0 0 0
420322198601310020 0 0 0 0 0 0 0 0 0 0 0
420121196810103937 0 0 0 1 0 0 0 0 1 0 0
420124198309237577 0 0 0 0 0 0 0 0 0 0 0
513433199510022334 0 0 0 0 0 0 0 0 0 0 0
421083198112251610 0 0 0 0 0 0 0 0 0 0 0
422202198903214211 0 0 0 1 0 0 0 0 0 0 1
420102196307071713 0 0 0 0 0 0 0 0 0 0 0
420107196507241512 0 0 0 0 0 0 0 0 0 1 0
420116199211293719 0 0 0 0 0 0 0 0 0 0 1
420106197104091618 0 0 0 0 0 0 0 0 0 0 1
420102196205021416 0 0 0 0 0 0 0 0 0 0 0
420102196808110610 0 0 0 0 0 0 0 0 0 0 1
420105196811102434 0 0 0 0 0 0 0 0 0 0 1
42010119680714111X 0 0 0 0 0 0 0 0 1 0 0
42010319730803531X 0 0 0 1 0 0 0 1 0 0 0
320581198506220024 0 0 0 0 0 0 0 0 0 0 0
42010319850224083X 0 0 0 0 0 0 0 0 0 0 1
420107198012151039 0 0 0 0 0 0 0 0 0 0 0
420106196010192018 0 0 0 0 0 0 0 0 0 0 0
42010619650814403X 0 0 0 0 0 0 0 0 0 0 0
420922199103044919 0 0 0 0 0 0 0 0 0 0 0
420102197911052513 0 0 0 0 0 0 0 0 0 0 0
420116198812255916 0 0 0 0 0 0 0 0 0 0 0
420111197003265034 0 0 0 0 0 0 0 0 0 0 0
420111196011300536 0 0 0 1 0 0 0 0 0 0 0
513434196311286735 0 0 0 0 0 0 0 0 0 0 0
420105198204012815 0 0 0 0 0 0 0 0 0 0 0
420123198105255216 0 0 0 0 0 0 0 0 0 0 0
420104198212280813 0 0 0 0 0 0 0 0 0 1 0
420123198209284572 0 0 0 0 0 0 0 0 0 0 0
420117199010206734 0 0 0 0 0 0 0 0 0 0 0
522228197103262410 0 0 0 0 0 0 0 0 0 0 0
420107197005252013 0 0 0 1 0 0 0 0 0 0 1
420121197304103939 0 0 0 0 0 0 0 0 0 0 1
420112198609072115 0 0 0 0 0 0 0 0 0 0 1
420111197104031819 0 0 0 0 0 0 0 0 0 0 0
420703198109183376 0 0 0 1 0 0 0 0 0 0 0
421023198509093415 0 0 0 0 0 0 0 0 0 0 0
420111198910205531 0 0 0 0 0 0 0 1 1 0 0
420105196701132018 0 0 0 0 0 0 0 0 0 0 0
420106199206031316 0 0 0 0 0 0 0 0 0 0 1
420123196611283720 0 0 0 0 0 0 0 0 0 0 1
420114198704171237 0 0 0 0 0 0 0 0 0 0 0
420114198108145147 0 0 0 0 0 0 0 0 0 0 1
420106199010204035 0 0 0 0 0 0 0 0 0 0 0
420104198407180417 0 0 0 0 0 0 0 0 0 1 1
420106195606153250 0 0 0 0 0 0 0 0 0 0 0
420106196307092093 0 0 0 0 0 0 0 0 0 0 0
420103196205281230 0 0 0 0 0 0 0 0 0 0 0
420104195803272731 0 0 0 0 0 0 0 0 0 0 0
420115198802050013 0 0 0 0 0 0 0 0 0 0 0
420102196808301724 0 0 0 0 0 0 0 0 0 0 0
420111197107076326 0 0 0 0 0 0 0 0 0 0 0
420103197605023710 0 0 0 0 0 0 0 0 0 1 0
420102197211211026 0 0 0 0 0 0 0 0 0 0 0
420116199212084556 0 0 0 0 0 0 0 0 0 0 1
420704198712046604 0 0 0 0 0 0 0 0 0 0 0
421003198202020099 0 0 0 0 0 0 0 0 1 0 1
420105198109022417 0 0 0 0 0 0 0 0 0 0 0
429006198003154816 0 0 0 0 0 0 0 0 0 0 0
420102197006112459 0 0 0 0 0 0 0 0 1 0 0
420106198906232018 0 0 0 0 1 0 1 1 0 0 0
420106197011284576 0 0 0 0 0 0 0 0 0 0 1
420106196012151252 0 0 0 0 0 0 0 0 0 1 1
420114198406080505 0 0 0 0 0 0 0 0 0 0 1
420104196812081261 0 0 0 0 0 0 0 0 0 0 0
420104196212162738 0 0 0 0 0 0 0 0 0 0 0
42010219640312001X 0 0 0 0 0 0 0 0 0 0 0
65292619850602001X 0 0 0 1 0 0 0 1 1 0 0
420116197605297318 0 0 0 0 0 0 0 0 0 0 0
420107198610062925 0 0 0 0 0 0 0 0 0 0 0
420107196306261525 0 0 0 0 0 0 0 0 0 0 1
420104198109103616 0 0 0 0 0 0 0 0 1 0 0
420116199211123736 0 0 0 0 0 0 0 0 0 0 0
42010619661206323X 0 0 0 0 0 0 0 0 0 0 0
420102198912212026 0 0 0 0 0 0 0 0 0 0 0
420102196610201410 0 0 0 0 0 0 0 0 0 0 1
420106197312150811 0 0 0 0 0 0 0 0 0 0 0
420116199611163016 0 0 0 0 1 0 0 1 1 1 1
512221196806057017 0 0 0 0 0 0 0 0 0 0 0
420106196607021211 0 0 0 0 0 0 0 0 0 0 0
420102195912271735 0 0 0 0 0 0 0 0 0 0 0
420621199511208633 0 0 0 0 0 0 0 0 0 0 0
420115199011284416 0 0 0 0 0 0 0 0 1 0 0
420106197312082038 0 0 0 0 0 0 0 0 0 0 1
420115198612011638 0 0 0 0 0 0 0 1 0 0 0
51028319800707137X 0 0 0 1 0 0 0 0 0 0 0
420104197605293311 0 0 0 0 0 0 0 0 0 0 0
42012119750817101X 0 0 0 0 0 0 0 0 0 0 0
420123197601213715 0 0 0 0 0 0 0 0 0 0 1
420107196111152513 0 0 0 0 0 0 0 0 0 0 0
420106197511211226 0 0 0 0 0 0 0 0 0 0 1
420107197409103348 0 0 0 0 0 0 0 0 0 0 0
420116198408236916 0 0 0 0 0 0 0 0 0 0 0
422123197909305810 0 0 0 0 0 0 0 0 0 0 0
420117198811027598 0 0 0 0 0 0 0 0 0 0 0
420122197111150030 0 0 0 0 0 0 0 0 0 0 1
420106196407261210 0 0 0 0 0 0 0 0 0 0 0
420123196710076911 0 0 0 0 0 0 0 0 1 0 0
420103198003171251 0 0 0 0 0 0 0 0 0 0 0
420281199311058014 0 0 0 0 0 0 0 0 1 0 0
429004199205103138 0 0 0 0 0 0 0 0 0 0 0
420111198902135537 0 0 0 0 0 0 0 0 1 1 1
420103197911212018 0 0 0 0 0 0 0 0 0 0 0
420104196612084038 0 0 0 0 0 0 0 0 0 0 0
420121197711250514 0 0 0 0 0 0 0 0 0 0 0
420102198803112413 0 0 0 0 1 0 0 1 0 0 1
420103196412031218 0 0 0 0 0 0 0 0 0 0 0
420104198211303630 0 0 0 1 0 0 0 0 0 0 0
420821198804273515 0 0 0 1 0 0 0 0 0 0 1
420123198307096612 0 0 0 0 0 0 0 0 0 0 0
420107197001214116 0 0 0 0 0 0 0 0 0 0 1
420984197302027513 0 0 0 0 0 0 0 0 0 0 1
42010319881102281X 0 0 0 0 0 0 0 0 0 1 0
420114198403011213 0 0 0 1 0 0 0 0 0 0 0
420113197602040059 0 0 0 0 0 0 0 0 0 0 0
420105197212234210 0 0 0 0 0 0 0 0 0 0 1
420107198801231074 0 0 0 0 0 0 0 0 0 0 1
420111198805101319 0 0 0 0 0 0 0 0 0 0 0
420111197911022310 0 0 0 0 0 0 0 0 0 0 0
420104197207310016 0 0 0 0 0 0 0 0 0 0 1
420124197711230918 0 0 0 0 0 0 0 0 0 0 0
420117198601120858 0 0 0 0 0 0 0 0 0 0 1
42010719630403103X 0 0 0 0 0 0 0 0 0 0 0
420112197708160335 0 0 1 1 0 0 0 0 1 0 1
420106198210182817 0 0 0 1 0 0 0 0 0 0 0
420923198706024935 0 0 0 1 0 0 0 1 1 0 1
420102198102232412 0 0 0 0 0 0 0 0 0 0 1
420104198304082718 0 0 0 0 0 0 0 0 0 0 0
420114197901075418 0 0 0 0 0 0 0 0 0 0 0
420114199008020034 0 0 0 0 0 0 0 0 0 0 0
420111196608150518 0 0 0 1 0 0 0 0 1 0 0
420104197208281210 0 0 0 0 0 0 0 0 0 0 0
420103197003104935 0 0 0 0 0 0 0 0 0 0 1
420105198809040413 0 0 0 0 0 0 0 0 0 1 1
420114198504042510 0 0 0 0 0 0 0 0 0 0 0
420102196701150612 0 0 0 0 0 0 0 0 0 0 1
420107196411032070 0 0 0 0 0 0 0 0 0 0 0
429004198505241335 0 0 0 1 0 0 0 0 0 0 0
420102197007180613 0 0 0 0 0 0 0 0 0 0 1
420103197407120835 0 0 0 0 0 0 0 0 0 0 0
420103196303051615 0 0 0 0 0 0 0 0 0 0 0
420102197209303714 0 0 0 0 0 0 0 0 0 0 0
420281198411154535 0 0 0 0 0 0 0 0 1 0 1
420106198409150038 0 0 0 0 0 0 0 0 0 0 0
420102199307302415 0 0 0 0 0 0 0 0 0 0 0
420104196209211682 0 0 0 0 0 0 0 0 0 0 1
420122197207297934 0 0 0 0 0 0 0 0 0 0 0
420104197108150037 0 0 0 1 0 0 0 0 1 0 0
420116199407021432 0 0 0 0 0 0 0 0 0 0 1
420116199507184538 0 0 0 0 0 0 0 0 1 0 1
420104198808250033 0 0 0 0 0 0 0 1 0 0 0
420105197712102038 0 0 0 0 0 0 0 0 0 0 0
420104196401164337 0 0 0 0 0 0 0 0 0 0 0
420102197905271410 0 0 0 1 0 0 0 0 1 0 0
420103197011164612 0 0 0 0 0 0 0 0 0 0 1
422202198310205715 0 0 0 0 0 0 0 0 0 0 0
420104196903131236 0 0 0 0 0 0 0 0 0 0 1
420106197508241213 0 0 0 1 0 0 0 1 0 0 0
420104197010014037 0 0 0 0 0 0 0 0 0 0 1
421125196508271311 0 0 0 0 0 0 0 0 0 0 0
429004198901151390 0 0 0 1 0 0 0 1 0 0 0
420102198207070317 0 0 0 0 0 0 0 0 0 0 0
42010119930322701X 0 0 0 0 0 0 0 0 0 0 0
420114199202155119 0 0 0 0 0 0 0 0 0 0 1
420114199609121914 0 0 0 0 0 0 0 0 1 0 0
420106198811182812 0 0 0 0 0 0 0 0 0 0 0
420117198807260872 0 0 0 1 0 0 0 0 0 0 0
420104198311174717 0 0 0 0 0 0 0 0 0 0 0
420102197410081738 0 0 0 0 0 0 0 0 1 1 1
420103196411172449 0 0 0 0 0 0 0 0 0 1 1
420102197807111229 0 0 0 0 0 0 0 0 0 0 1
420103198703105730 0 0 0 0 0 0 0 1 0 0 1
420106197107144455 0 0 0 0 0 0 0 0 0 0 0
421181198908086617 0 0 0 1 0 0 0 0 0 0 0
420102198403303114 0 0 0 0 0 0 0 0 0 0 0
420121197106101238 0 0 0 0 0 0 0 0 0 0 0
420112199004100915 0 0 0 0 0 0 0 0 0 0 1
420111199106201315 0 0 0 0 0 0 0 0 0 0 1
420113198505251115 0 0 0 0 0 0 0 0 0 0 0
42010419830406363X 0 0 0 0 0 0 0 0 0 0 0
420102196802150312 0 0 0 0 0 0 0 0 0 0 0
420111199108241337 0 0 0 0 0 0 0 0 0 0 0
420704198709190576 0 0 0 0 0 0 1 1 0 0 1
42012219701209511X 0 1 0 1 0 0 0 0 0 0 0
420103198111190812 0 0 0 0 0 0 0 0 0 0 0
422202199510081838 0 0 0 0 0 0 0 0 0 0 0
422228196410133637 0 0 0 0 0 0 0 0 0 0 0
420105197803240866 0 0 0 0 0 0 0 0 0 0 0
429006199105093617 0 0 0 0 0 0 0 0 0 0 0
420104198802230015 0 0 0 0 0 0 0 0 0 0 0
420621198205010640 0 0 0 0 0 0 0 0 0 0 0
42011419700421481X 0 0 0 0 0 0 0 0 0 0 0
42282819760215291X 0 0 0 0 0 0 0 0 0 0 0
420104196207318312 0 0 0 0 0 0 0 0 0 0 1
420104196901271235 0 0 0 0 0 0 0 0 0 0 0
420107197801140514 0 0 0 0 0 0 0 0 1 0 1
420114197703130017 0 0 0 0 0 0 0 0 0 0 1
42011419871207121X 0 0 0 0 0 0 0 0 0 0 0
420100196706261714 0 0 0 0 0 0 0 0 0 0 0
420113198505180011 0 0 0 0 0 0 0 0 1 0 0
62052519750512081X 0 0 0 0 0 0 0 0 0 0 0
420122197010290018 0 0 0 0 0 0 0 0 0 0 1
420102197312023315 0 0 0 0 0 0 0 0 0 0 0
420102196405041235 0 0 0 0 0 0 0 0 0 0 0
430422198001047932 0 1 0 1 0 0 0 0 0 0 0
420105198110102019 0 0 0 0 0 0 0 0 0 0 0
420114198903071917 0 0 0 0 0 0 0 0 0 0 1
42010419611114301X 0 0 0 0 0 0 0 0 0 0 1
420104197804230049 0 0 0 1 0 0 0 0 0 0 0
420123196709273395 0 0 0 0 0 0 0 0 0 0 0
420106197903113617 0 0 0 0 0 0 0 0 0 0 1
421223198903136189 0 0 0 0 0 0 0 1 1 0 0
420113199002030614 0 0 0 1 0 0 0 0 0 0 0
420113198712050017 0 0 0 0 0 0 0 0 0 0 0
420103198506210814 0 0 0 0 0 0 0 0 0 0 1
420104197501212038 0 0 0 0 0 0 0 0 0 0 0
420123198205074519 0 0 0 0 0 0 0 1 0 0 1
420104197805144011 0 0 0 0 0 0 0 0 0 0 0
420103196606253273 0 0 1 1 0 0 0 0 0 0 0
420123198212086921 0 0 0 0 0 0 0 0 0 0 0
420104197906110013 0 0 0 0 0 0 0 0 0 0 1
421125199503233029 0 0 0 1 0 0 0 0 0 0 1
420122196710202416 0 0 0 0 0 0 0 0 0 0 1
420114199007220069 0 0 0 0 0 0 0 0 0 0 0
420122198302066215 0 0 0 0 1 0 0 1 1 0 0
420115198810210013 0 0 0 0 0 0 0 0 0 0 1
420106197801024816 0 0 0 0 0 0 0 0 0 0 0
420106199402150048 0 0 0 0 0 0 0 0 0 0 1
420104197902120433 0 0 0 0 0 0 0 0 0 0 0
420105196810092430 0 0 0 0 0 0 0 0 0 0 0
420921197606244984 0 0 0 0 0 0 0 0 0 0 0
420121196710225419 0 0 0 1 0 0 0 0 1 0 1
421083198812104996 0 0 0 0 0 0 0 0 0 0 0
420107197311071018 0 0 1 1 0 0 0 0 0 0 0
420115198602272834 0 0 0 0 0 0 0 0 1 0 0
420123197204204532 0 0 0 0 0 0 0 0 0 0 1
420103198212303214 0 0 0 1 0 0 0 0 0 0 1
420122198109152410 0 0 0 0 0 0 0 0 0 0 0
420114197904050734 0 0 0 1 0 0 0 0 0 0 0
420102196309161755 0 0 0 0 0 0 0 0 0 0 0
420107196903100076 0 0 0 0 0 0 0 0 0 0 0
420116199108161419 0 0 0 0 0 0 0 0 0 0 0
422322197810184515 0 0 0 0 0 0 0 0 0 0 0
420104197609200012 0 0 0 1 0 0 0 0 0 0 0
420107195811120526 0 0 0 0 0 0 0 0 0 0 1
420106198511250414 0 0 0 1 0 0 0 0 0 0 1
420123198207235216 0 0 0 0 0 0 0 0 0 0 0
420124198009220810 0 0 0 1 0 0 0 1 1 0 0
420104197505084715 0 0 0 0 0 0 0 0 1 0 0
421222199003187253 0 0 0 0 0 0 0 0 0 0 0
420111197510251315 0 0 0 0 0 0 0 0 0 0 0
420112196607042730 0 0 0 0 0 0 0 0 0 0 1
420106197601060839 0 0 0 0 0 0 0 0 0 1 0
420102198801264026 0 0 0 0 0 0 0 1 0 1 1
42010219930810201X 0 0 0 0 0 0 0 1 0 0 1
420104197205103013 0 0 0 0 0 0 0 0 0 0 0
420107196101051057 0 0 0 0 0 0 0 0 0 0 0
42011719900629791X 0 0 0 0 0 0 0 0 0 0 0
420107198506290514 0 0 0 0 0 0 0 0 0 0 0
420114197701253937 0 0 0 0 0 0 0 0 0 0 0
420104198512092021 0 0 0 0 0 0 0 0 0 0 1
420105196805073614 0 0 0 0 0 0 0 0 0 0 0
420102197101121011 0 0 0 0 0 0 0 0 0 0 1
420123198402152037 0 0 0 1 0 0 0 0 0 0 1
420103198612194934 0 0 0 1 0 0 0 1 0 0 0
422403197805131917 0 0 0 1 0 0 0 1 0 0 0
420103195806230418 0 0 0 0 0 0 0 0 0 0 0
420105198603282011 0 0 0 0 0 0 0 0 0 0 1
422201197704137718 0 0 0 1 0 0 0 0 0 0 0
420122198002250010 0 0 0 0 0 0 0 0 0 0 0
429005199008155656 0 0 0 0 0 0 0 0 0 0 1
420123198401166912 0 0 0 0 0 0 0 0 0 0 1
42080319740709361X 0 0 0 1 0 0 0 0 1 0 0
420107198104253315 0 0 0 0 0 0 0 0 0 0 0
42010619601214081X 0 0 0 0 0 0 0 0 0 0 1
420104196709220059 0 0 0 0 0 0 0 0 0 0 0
420984198704150754 0 0 0 0 0 0 0 0 1 0 0
420105198708151237 0 0 0 0 0 0 0 0 0 0 1
42011119691015371X 0 0 0 0 0 0 0 0 0 0 0
420117198802286715 0 0 1 1 0 0 0 1 0 0 0
42011519920510361X 0 0 0 1 0 0 0 0 0 0 1
420117198807095563 0 0 0 0 0 0 0 0 0 0 0
420104196712081248 0 0 0 0 0 0 0 0 0 0 0
42010219840707171X 0 0 0 0 0 0 0 0 0 0 0
420116198511206950 0 0 0 0 0 0 0 0 0 0 0
420106197712124815 0 0 0 0 0 0 0 0 0 0 0
420122198108072013 0 0 0 0 1 0 0 1 0 0 0
42011219960522151X 0 0 0 0 0 0 0 0 0 0 0
420106197103143658 0 0 0 0 0 0 0 0 0 0 0
420984196911170732 0 0 0 0 0 0 0 0 0 0 0
420103199204140018 0 0 0 0 0 0 0 0 1 0 1
420702197508057392 0 0 0 0 0 0 0 0 0 0 0
420115198705060017 0 0 0 0 0 0 0 0 0 0 0
420111196603061815 0 0 0 0 0 0 0 0 0 1 1
420107196903102522 0 0 0 0 0 0 0 0 0 0 1
421202199506212961 0 0 0 0 0 0 0 0 0 0 1
420107197010010553 0 0 0 0 0 0 0 0 0 0 1
421083198908010492 0 0 0 0 0 0 0 0 0 1 1
420103197308050835 0 0 0 0 0 0 0 0 0 0 0
420114198908280136 0 0 0 0 0 0 0 0 0 0 1
420111196011023110 0 0 0 0 0 0 0 0 0 0 0
42011119630105103X 0 0 0 0 0 0 0 0 0 0 1
420104196005012016 0 0 0 0 0 0 0 0 0 0 0
420105198410080472 0 0 0 1 1 0 0 1 1 0 0
420122197801235138 0 0 0 0 0 0 0 0 0 0 1
420104196401142031 0 0 0 0 0 0 0 0 0 0 0
420102196201261439 0 0 0 0 0 0 0 0 0 0 0
420202196309242016 0 0 0 0 0 0 0 0 0 0 0
42010219850418031X 0 0 0 0 0 0 0 0 1 1 1
420107196307071010 0 0 0 0 0 0 0 0 0 0 0
420116198802095648 0 0 0 0 0 0 0 0 0 0 0
420123198307016221 0 0 0 0 0 0 0 0 0 0 0
420101198408077017 0 0 0 0 0 0 0 0 0 0 0
429004199009242210 0 0 0 1 0 0 0 1 0 0 1
42012319730603591X 0 0 0 0 0 0 0 0 0 0 0
42011719851102431X 0 0 0 0 0 0 0 0 0 0 0
420123198106304913 0 0 0 0 0 0 0 0 0 0 0
420107197607031517 0 0 0 0 0 0 0 0 0 0 0
420102196803072010 0 0 0 0 0 0 0 0 0 0 0
420104197101040417 0 0 0 1 0 0 0 0 0 0 0
420105196106250415 0 0 0 1 0 0 0 0 0 0 1
42011119870512293X 0 0 0 1 0 0 0 0 0 0 1
420102197810300047 0 0 0 0 0 0 0 0 0 0 0
420582198411102199 0 0 0 0 0 0 0 0 0 0 1
422202199110202530 0 0 0 1 0 0 0 0 0 0 0
420106196710054855 0 0 0 0 0 0 0 0 0 0 0
420122198209070017 0 0 0 1 0 0 0 0 1 0 0
420117199311127511 0 0 0 1 0 0 0 0 0 0 0
420104198202240818 0 0 0 0 0 0 0 0 1 0 1
420100196306091752 0 0 0 0 0 0 0 0 0 0 0
420114198905181714 0 0 0 0 0 0 0 0 0 1 0
420102198510243137 0 0 0 1 0 0 0 0 1 0 0
420115199110110075 0 0 0 0 0 0 0 0 0 0 1
430426198704280015 0 0 0 0 0 0 0 0 0 0 0
420105199801290439 0 0 0 1 0 0 0 0 1 0 0
420107197809041510 0 0 0 0 0 0 0 0 0 0 0
420102195912021410 0 0 0 0 0 0 0 0 0 0 1
420116198207016618 0 0 0 1 0 0 0 0 1 0 0
511227196911278150 0 0 0 1 0 0 0 0 0 0 0
420124196905132318 0 0 0 0 0 0 0 0 0 0 1
420103196302260837 0 0 0 0 0 0 0 0 0 0 1
42010719721012001X 0 0 0 0 0 0 0 0 0 0 0
420112196812112419 0 0 0 0 0 0 0 0 0 0 0
42010519700428001X 0 0 0 1 0 0 0 1 0 0 1
420116199012273053 0 0 0 0 0 0 0 0 1 0 0
420107196111130533 0 0 0 0 0 0 0 0 0 0 0
420104198402114314 0 0 0 0 0 0 0 0 0 0 0
513434197805102275 0 0 0 0 0 0 0 0 0 0 1
42012219761102003X 0 0 0 0 0 0 0 0 0 0 1
420115199011081635 0 0 0 0 0 0 0 0 0 0 1
420114199107212517 0 0 0 0 0 0 0 0 0 0 0
500238198403125516 0 0 0 1 0 0 0 0 0 0 1
420105196204260414 0 0 0 0 0 0 0 0 0 0 0
420106196803233270 0 0 0 0 0 0 0 0 0 0 0
420123197804164132 0 0 0 0 0 0 0 0 0 0 0
420102197904224014 0 0 0 1 0 0 0 0 0 0 1
42010619931205401X 0 0 0 0 0 0 0 0 0 0 0
421125199207274926 0 0 0 0 0 0 0 0 0 0 1
42010219880901083X 0 0 0 0 0 0 0 0 0 0 1
420106196410030421 0 0 0 1 0 0 0 0 0 0 1
412801197205280852 0 0 0 0 0 0 0 0 0 0 0
420117199102168317 0 0 0 0 0 0 0 0 0 0 0
42011619871109333X 0 0 0 0 0 0 0 0 0 0 0
420124197011154352 0 0 0 0 0 0 0 0 0 0 1
420114197203061211 0 0 0 0 0 0 0 0 1 0 1
420104197103193329 0 0 0 0 0 0 0 0 0 0 0
513431198003093472 0 0 0 0 0 0 0 0 0 0 0
420112198508213935 0 0 0 0 0 0 0 0 0 0 0
420102196006270014 0 0 0 0 0 0 0 0 0 0 0
420106198002170432 0 0 0 0 0 0 0 0 0 0 0
420114199507180075 0 0 0 0 0 0 0 0 0 0 0
42012419730112475X 0 0 0 1 0 0 0 0 0 0 1
420107196703311530 0 0 0 0 0 0 0 0 0 0 1
42010319870624201X 0 0 0 1 0 0 0 1 0 0 1
420104196802112431 0 0 0 0 0 0 0 0 0 0 0
429004198109235910 0 0 0 0 0 0 0 0 0 0 1
42012319790119371X 0 0 0 1 0 0 0 0 0 0 0
420106195610250010 0 0 0 0 0 0 0 0 0 0 1
420113197812240411 0 0 0 0 0 0 0 1 1 0 1
512324196404174370 0 0 0 0 0 0 0 0 1 0 0
420115199005136636 0 0 0 0 0 0 0 0 0 0 1
420106196809283228 0 0 0 1 0 0 0 0 0 0 0
420103199205033716 0 0 0 1 0 0 0 0 0 0 0
420115198506200515 0 0 0 0 0 0 0 1 1 0 0
420104198901023310 0 0 0 1 0 0 0 0 0 0 0
513434198901025892 0 0 1 1 0 0 0 0 0 0 0
420106195209111612 0 0 0 0 0 0 0 0 0 0 0
420103198501140423 0 0 0 0 0 0 0 0 0 1 1
420107199101021513 0 0 0 0 0 0 0 0 0 0 1
420105198412010056 0 0 0 0 0 0 0 0 1 0 1
42012319831020205X 0 0 0 0 0 0 0 0 0 0 0
420104198801160019 0 0 0 0 0 0 0 0 0 0 0
420107198607100118 0 0 0 0 0 0 0 0 0 0 0
420117199205260415 0 0 0 0 0 0 0 0 0 0 0
420123197005136231 0 0 0 0 0 0 0 0 0 0 0
420117199209082759 0 0 0 1 0 0 0 0 0 0 0
420106196111101242 0 0 0 0 0 0 0 0 0 0 1
420114198512041219 0 0 0 0 0 0 0 0 0 0 0
513434199009051816 0 0 0 0 0 0 0 0 0 0 0
420105198904232819 0 0 0 1 0 0 0 1 1 1 0
422202199209086146 0 0 0 1 0 0 0 0 0 1 0
420104199311111227 0 0 0 0 0 0 0 1 0 0 0
420105198501203212 0 0 0 0 0 0 0 0 0 0 1
420106196902260055 0 0 0 0 0 0 0 0 1 0 0
420116199109044150 0 0 0 0 0 0 0 0 0 0 1
420111198309250016 0 0 0 0 0 0 0 0 0 0 0
420104196804172411 0 0 0 0 0 0 0 0 0 0 1
513435199208012912 0 0 1 1 0 0 0 0 0 0 0
420115197410230053 0 0 0 0 0 0 0 0 0 0 0
420106196401094917 0 0 0 0 0 0 0 0 0 0 0
420104198902141255 0 0 0 0 0 0 0 0 0 0 0
420114198912251725 0 0 0 0 0 0 0 0 0 0 1
42011719890609753X 0 0 0 0 0 0 0 0 0 0 0
420581199609050337 0 0 0 0 0 0 0 0 0 0 0
420106197003190414 0 0 0 0 0 0 0 0 0 0 0
421221199208224824 0 0 0 0 0 0 0 0 0 0 0
152101199006103041 0 0 0 0 0 0 0 0 0 0 0
420111197804127010 0 0 0 0 0 0 0 0 0 0 1
420113199312230056 0 0 0 0 0 0 0 0 0 0 0
420106196402194020 0 0 0 0 0 0 0 0 0 0 0
42062319700816303X 0 0 0 0 0 0 0 0 0 0 1
420102196612021413 0 0 0 0 0 0 0 0 0 0 0
420107196301181534 0 0 0 0 0 0 0 0 0 0 0
420123198008214156 0 0 0 0 0 0 0 0 0 0 1
420106197004251231 0 0 0 0 0 0 0 0 0 0 0
430204197507292013 0 1 0 1 0 0 0 0 0 0 0
420105198109292417 0 0 0 0 0 0 0 0 0 0 1
420104197910242078 0 0 0 0 0 0 0 0 0 0 0
42010319640406161X 0 0 0 0 0 0 0 0 0 0 0
420117199207087513 0 0 0 0 0 0 0 0 0 0 0
420102198906272815 0 0 0 0 0 0 0 0 0 0 1
420115198906144719 0 0 0 1 0 0 0 0 0 0 0
420102197108102438 0 0 0 0 0 0 0 0 0 1 0
420114198201100074 0 0 0 0 0 0 0 0 1 0 0
420107197205101519 0 0 0 0 0 0 0 0 0 0 0
42058319861009073X 0 0 0 0 0 0 0 0 0 0 0
420106196306170459 0 0 0 0 0 0 0 1 0 0 1
420103198705231212 0 0 0 0 0 0 0 0 0 0 1
420115198406294753 0 0 0 0 0 0 0 0 0 0 1
310109197108200424 0 0 0 0 0 0 0 0 0 0 0
420106197106053375 0 0 0 0 0 0 0 0 0 0 1
42010719800904331X 0 0 0 0 0 0 0 0 0 0 1
420111197202060031 0 0 0 0 0 0 0 0 0 0 0
420104196403122034 0 0 0 0 0 0 0 0 0 0 0
420106197707034014 0 0 0 0 0 0 0 0 0 0 1
420107196901153318 0 0 0 0 0 0 0 0 1 0 1
420107196108092011 0 0 0 0 0 0 0 0 0 0 0
420111196308132334 0 0 0 0 0 0 0 0 0 0 1
42012219790215621X 0 0 0 0 0 0 0 0 0 0 0
230227198104030811 0 0 0 0 0 0 0 0 0 0 1
420103196402120428 0 0 0 0 0 0 0 0 0 0 0
420115198205300010 0 0 0 0 0 0 0 1 0 0 0
420102199005091018 0 0 0 0 0 0 0 0 0 0 1
420102198610210631 0 0 0 0 0 0 0 0 0 0 0
420124197806236335 0 0 0 0 0 0 0 0 0 0 0
420124198204087533 0 0 0 0 0 0 0 0 0 0 0
42011119860812401X 0 0 0 0 0 0 0 1 0 0 0
420112198202172755 0 1 0 1 0 0 0 1 1 0 0
420104195912070012 0 0 0 0 0 0 0 0 0 0 0
420121197712070099 0 0 0 0 0 0 0 0 1 0 0
420983198206020010 0 0 0 0 0 0 0 0 0 0 0
420921199305235717 0 0 0 0 0 0 0 0 0 0 1
420105198202202818 0 0 0 0 0 0 0 0 0 0 0
420101197001070716 0 0 0 0 0 0 0 0 0 0 0
420116198701013332 0 0 0 0 0 0 0 0 0 0 0
42010319690407373X 0 0 0 0 0 0 0 0 0 0 1
42010319810920201X 0 0 0 0 0 0 0 0 0 0 0
42011519770625285X 0 0 0 0 0 0 0 0 0 0 1
420104196810274019 0 0 0 0 0 0 0 0 0 0 0
420102196110161715 0 0 0 0 0 0 0 0 0 0 0
420102196303031773 0 0 0 0 0 0 0 0 0 0 0
420102198809053119 0 0 0 0 0 0 0 0 0 0 1
420102197702111417 0 0 0 0 0 0 0 0 0 0 0
420982198001115626 0 0 0 0 0 0 0 0 0 0 0
42011119850107231X 0 0 0 0 0 0 0 0 0 0 0
420105198709160418 0 0 0 0 0 0 0 0 0 0 1
420104198812013014 0 0 1 1 0 0 0 0 0 0 1
420702198808307837 0 0 0 0 0 0 0 0 1 0 1
420102198110154055 0 0 0 0 0 0 0 0 0 0 0
420100195201211733 0 0 0 0 0 0 0 0 0 0 0
422228196801142776 0 0 0 0 0 0 0 0 1 0 1
652923197505125617 0 0 0 0 0 0 0 0 0 0 0
420103196210020449 0 0 0 0 0 0 0 0 0 0 1
420102198012190036 0 0 0 1 0 0 0 0 0 0 0
420103196805214912 0 0 0 0 0 0 0 0 0 0 0
420107195911160058 0 0 0 1 0 0 0 0 0 0 1
420104198606210017 0 0 0 0 0 0 0 0 0 0 1
420105196210120055 0 0 0 0 0 0 0 0 0 0 0
420107196811120029 0 0 0 0 0 0 0 0 0 0 1
420106198710212015 0 0 0 0 0 0 0 0 0 0 0
420104196212232716 0 0 0 0 0 0 0 0 0 0 0
420106196302230813 0 0 0 0 0 0 0 0 0 0 0
420124197412157917 0 0 0 0 0 0 0 0 0 0 0
420113197111300012 0 0 0 0 0 0 0 0 0 0 0
420123197904183752 0 0 0 0 0 0 0 0 0 0 0
42010619590826321X 0 0 0 0 0 0 0 0 0 0 0
420124197708287534 0 0 0 0 1 0 0 1 1 0 1
42010319601017163X 0 0 0 0 0 0 0 0 0 0 0
420111198703012315 0 0 0 1 0 0 0 1 1 0 1
420123197808215216 0 0 0 0 0 0 0 0 0 0 1
420700196906210025 0 0 0 1 0 0 0 0 0 0 1
42010619581017362X 0 0 0 0 0 0 0 0 0 0 1
429004197701100316 0 0 0 0 0 0 0 0 0 0 1
420103198205201236 0 0 0 0 0 0 0 0 0 0 0
420122196712014734 0 0 0 0 0 0 0 0 0 0 1
420116199004065238 0 0 0 0 0 0 0 0 0 0 0
420102196702202437 0 0 0 0 0 0 0 0 0 0 1
420984199209136634 0 0 0 1 0 0 0 1 0 1 1
420116199006113715 0 0 0 0 0 0 0 0 0 0 1
420104198707202411 0 0 0 0 0 0 0 0 0 0 0
420102196512121759 0 0 0 0 0 0 0 0 0 0 0
420105197411162432 0 0 0 0 0 0 0 0 0 0 0
420111197612162313 0 0 0 0 0 0 0 0 0 0 0
420115199010086696 0 0 0 1 0 0 0 0 0 0 0
420123197503122019 0 0 0 0 0 0 0 0 0 0 0
420106198301053615 0 0 0 0 0 0 0 0 0 0 0
420281198302261219 0 0 0 0 0 0 0 0 0 0 0
420704198202250584 0 0 0 0 0 0 0 0 0 0 0
420105199509153234 0 0 0 0 0 0 0 0 0 1 1
420121196808250735 0 0 0 0 0 0 0 0 0 0 0
420115198505271645 0 0 0 0 0 0 0 0 0 0 0
42010419590303081X 0 0 0 0 0 0 0 0 0 0 0
420107196810092513 0 0 0 0 0 0 0 0 0 0 0
420102196602121429 0 0 0 0 0 0 0 0 0 0 1
420114198703251219 0 0 0 1 0 0 0 0 1 0 1
420106197407254453 0 0 0 0 0 0 0 0 0 0 0
420117198811200936 0 0 0 0 0 0 0 0 1 0 1
420124197303125115 0 0 0 0 0 0 0 0 0 0 0
42011619830920525X 0 0 0 0 0 0 0 0 0 0 0
420116199111044117 0 0 0 0 0 0 0 0 0 0 0
420107196107130119 0 0 0 0 0 0 0 0 0 0 0
420103195408211617 0 0 0 0 0 0 0 0 0 0 0
420105197511013215 0 0 0 0 0 0 0 1 1 0 0
420102196602180816 0 0 0 0 0 0 0 0 0 0 1
420111198604195531 0 0 0 0 0 0 0 0 0 0 0
420984197606124734 0 0 0 1 0 0 0 1 0 0 0
420114197602050501 0 0 0 0 0 0 0 0 0 0 0
421221199403171051 0 0 0 0 0 0 0 0 0 0 0
420105200206222023 0 0 0 0 0 0 0 0 1 0 0
420106197710151211 0 0 0 0 0 0 0 0 0 0 0
411325198502268611 0 0 0 0 0 0 0 0 0 0 0
420116198607125637 0 0 0 0 0 0 0 0 0 0 1
429004199104073478 0 0 0 0 0 0 0 0 0 0 0
420116199104306916 0 0 0 1 0 0 0 1 1 0 0
420117199002148335 0 0 0 0 0 0 0 0 0 0 0
420103197607052822 0 0 0 0 0 0 0 0 0 0 0
420100196010161715 0 0 0 0 0 0 0 0 0 0 1
420116199007125232 0 0 0 0 0 0 0 0 0 0 0
420104195712302050 0 0 0 0 0 0 0 0 0 0 1
42011219891105273X 0 0 0 0 0 0 0 0 0 0 0
420106198803124049 0 0 0 0 0 1 0 1 0 0 1
420106199605093637 0 0 0 1 0 0 0 0 1 0 1
420103195803090018 0 0 0 0 0 0 0 0 0 0 0
420106196908030816 0 0 0 0 0 0 0 0 0 0 1
420102196002072416 0 0 0 0 0 0 0 0 0 0 0
42010519920910043X 0 0 0 0 0 0 0 0 0 0 0
420115198702106235 0 1 0 1 0 0 0 0 0 0 0
420123197902243053 0 0 0 0 0 0 0 0 0 0 0
420107198605260513 0 0 0 0 0 0 0 0 0 1 1
420103197611013228 0 0 0 0 0 0 0 0 0 0 0
420104197605072033 0 0 0 0 0 0 0 0 0 1 0
420111198001312911 0 0 0 0 0 0 0 0 0 0 0
420111197208302919 0 0 0 0 0 0 0 0 0 0 0
420123196812234554 0 0 0 0 0 0 0 0 1 0 0
420103196310243738 0 0 0 0 0 0 0 0 0 0 0
420103198904224621 0 0 0 0 0 0 0 0 0 0 0
42010519660225241X 0 0 0 0 0 0 0 0 0 0 0
420105196607060417 0 0 0 0 0 0 0 0 0 0 0
420102196411250615 0 0 0 0 0 0 0 0 0 0 1
420115198409155126 0 0 0 0 0 0 0 0 1 0 0
421122199110046362 0 0 0 1 0 0 0 1 1 0 0
429004197805305914 0 0 0 0 0 0 0 0 0 0 0
420105197809020039 0 0 0 0 0 0 0 0 0 1 0
420122197706068714 0 0 0 0 0 0 0 0 0 0 0
420102199301260023 0 0 0 0 0 0 0 0 0 0 0
420104197305261254 0 0 0 0 0 0 0 0 0 0 0
420123196509265219 0 0 0 0 0 0 0 0 0 0 0
420107196301161533 0 0 0 0 0 0 0 0 0 0 0
450211198708190517 0 0 0 0 0 0 0 0 0 0 0
420984198401092091 0 0 0 0 0 0 0 0 0 0 0
420102197104013729 0 0 0 0 0 0 0 0 0 0 0
420116198411014513 0 0 0 0 0 0 0 0 1 0 1
42010519751208041X 0 0 0 0 0 0 0 0 0 0 0
42011719860221272X 0 0 0 0 0 0 0 0 0 0 1
420104195601084011 0 0 0 0 0 0 0 0 0 0 0
420115198410227916 0 0 0 1 0 0 0 0 0 0 0
420103197112125313 0 0 0 0 0 0 0 0 0 0 1
420103195904022436 0 0 0 0 0 0 0 0 0 1 0
420102196809053128 0 0 0 0 0 0 0 0 0 0 0
420104195906183635 0 0 0 0 0 0 0 0 0 0 1
420102197209270019 0 0 0 0 0 0 0 0 0 1 0
420111197106235575 0 0 0 0 0 0 0 0 0 0 0
42070319930108249X 0 0 0 0 0 0 0 0 0 0 0
420122196605200056 0 0 0 0 0 0 0 0 0 1 0
420103195812223732 0 0 0 1 0 0 0 1 0 0 0
420117198505102019 0 0 0 0 0 0 0 0 0 0 0
42011419820626051X 0 0 0 1 0 0 0 1 1 0 1
440106197512131221 0 0 0 0 0 0 0 0 0 0 1
420114198303164319 0 0 0 0 0 0 0 0 0 0 0
420116198609016696 0 0 0 1 0 0 0 0 0 0 1
420104196105300429 0 0 0 0 0 0 0 0 0 0 0
421221199002256134 0 0 0 0 0 0 0 0 0 0 0
420104196401242032 0 0 0 0 0 0 0 0 0 0 0
420106197109114428 0 0 0 0 0 0 0 0 0 0 0
420104197807304314 0 0 0 0 0 0 0 0 0 0 0
420102196901103319 0 0 0 0 0 0 0 0 1 0 0
420116198402274137 0 0 0 1 0 0 0 0 0 0 0
420105196807061617 0 0 0 0 0 0 0 0 0 0 1
42010419760420206X 0 0 0 0 0 0 0 0 0 0 0
420102199006262448 0 0 1 1 0 0 0 0 0 0 1
42010219910716031X 0 0 0 0 0 0 0 0 0 0 0
421127198912160455 0 0 0 1 0 0 0 0 0 0 0
42010219830525243X 0 0 0 0 0 0 0 0 0 0 0
500235199408139496 0 0 0 0 0 0 0 0 1 0 1
42012319700517377X 0 0 0 0 0 0 0 0 0 0 0
420106197801232017 0 0 0 0 0 0 0 0 0 0 1
510232198208247714 0 0 0 0 0 0 0 0 0 0 0
420106197201100010 0 0 0 0 0 0 0 0 0 0 1
420114198608255473 0 0 0 1 0 0 0 0 0 0 0
420105196305280422 0 0 0 0 0 0 0 0 0 0 1
420923196808225819 0 0 0 1 0 0 0 0 0 0 0
513029198003043252 0 0 0 0 0 0 0 0 0 0 0
420114198502095416 0 0 0 0 0 0 0 0 0 0 0
420105196012081219 0 0 0 0 0 0 0 0 0 0 0
420106195607050827 0 0 0 0 0 0 0 0 0 0 0
420683199703012853 0 0 0 0 0 0 0 0 0 1 0
420116200105216918 0 0 0 1 0 0 0 1 0 0 0
420111197608025017 0 0 0 0 0 0 0 0 1 0 0
421125198703270938 0 0 0 0 0 0 0 0 0 0 0
420115198107200059 0 0 0 0 0 0 0 0 0 0 1
42010419631221083X 0 0 0 0 0 0 0 0 0 0 1
420821199707052352 0 0 0 0 1 0 0 1 0 1 1
420104198606241649 0 0 0 1 0 0 0 0 0 0 1
42010219631102125X 0 0 0 0 0 0 0 0 0 0 0
420117199609105956 0 0 0 0 0 0 0 0 0 0 0
420105197406222410 0 0 0 0 0 0 0 0 0 0 0
420621199103048351 0 0 0 0 0 0 0 0 0 0 0
420104198909020851 0 0 0 0 0 0 0 1 0 0 1
420117199108250071 0 0 0 0 0 0 0 0 0 0 0
420121197601210036 0 0 0 0 0 0 0 0 0 0 0
420111199010131818 0 0 0 0 0 0 0 0 0 1 0
420117198908039114 0 0 0 1 0 0 0 1 0 0 1
36012119910303313X 0 0 0 0 0 0 0 0 0 0 0
420123196902154910 0 0 0 0 0 0 0 0 0 0 0
420102196306092811 0 0 0 0 0 0 0 0 0 0 0
513435196505073195 0 0 1 1 0 0 0 0 0 0 0
420114197510150732 0 1 0 1 0 0 0 0 0 0 0
42010519960608324X 0 0 0 0 0 0 0 0 0 0 0
420106197006254452 0 0 0 0 0 0 0 0 0 0 1
420122196312242818 0 0 0 0 0 0 0 0 0 0 0
420102196509222030 0 0 0 0 0 0 0 0 0 0 1
420103197204011217 0 0 0 0 0 0 1 1 0 0 0
420103197610213754 0 0 0 0 0 0 0 0 0 0 0
420115198907103230 0 0 0 0 0 0 0 0 1 0 0
420104196002180428 0 0 0 0 0 0 0 0 0 0 0
420117198705010434 0 0 0 0 0 0 0 0 0 0 0
420102196201030817 0 0 0 0 0 0 0 0 0 0 1
420102198404022816 0 0 0 0 0 0 0 0 0 0 1
420103196204070415 0 0 0 0 0 0 0 0 0 0 0
420107198903251527 0 0 0 0 0 0 0 0 0 0 0
420103199301254930 0 0 0 0 0 0 0 0 0 0 0
420105198503043611 0 0 0 0 0 0 0 0 0 0 1
420105196304072015 0 0 0 0 0 0 0 1 0 0 0
420104195911260877 0 0 0 0 0 0 0 0 0 0 0
420104196109110817 0 0 0 0 0 0 0 0 0 0 1
420112198105122430 0 0 0 0 0 0 0 0 0 0 1
420122196905200058 0 0 0 0 0 0 0 0 0 0 0
420112197910253914 0 0 0 0 0 0 0 0 0 0 0
420923197810220034 0 0 0 0 0 0 0 0 0 0 0
420111197211072384 0 0 0 0 0 0 0 0 0 0 1
420102198005250635 0 0 0 1 0 0 0 1 0 0 0
420104198704064711 0 0 0 0 0 0 0 0 0 0 1
420103196712113274 0 0 0 0 0 0 0 0 0 0 1
420984198201076652 0 0 0 0 0 0 0 0 0 0 0
420112197009131818 0 0 0 0 0 0 0 0 0 0 0
420103198809112015 0 0 0 0 0 0 0 0 0 0 0
420105197802200846 0 0 0 0 0 0 0 0 0 0 0
330381198301016231 0 0 0 0 0 0 0 0 0 0 0
420111197601164073 0 0 0 0 0 0 0 0 0 0 0
420104199012140415 0 0 0 0 0 0 0 0 0 0 0
420104199104232413 0 0 0 0 0 0 0 0 0 0 0
42010519700803203X 0 0 0 0 0 0 0 0 0 0 0
42010719690718203X 0 0 0 0 0 0 0 0 0 0 0
420101197412127510 0 0 0 0 0 0 0 0 0 0 0
420102197311151219 0 0 0 0 0 0 0 0 0 0 0
429004197906065913 0 0 0 0 0 0 0 0 0 0 1
420103196810083734 0 0 0 0 0 0 0 0 0 0 1
420116199109033312 0 0 0 0 0 0 0 0 0 0 0
422325198208070033 0 0 0 0 0 0 0 0 0 0 0
420102197711252019 0 0 0 0 0 0 0 0 0 0 1
420104197806014315 0 0 0 0 0 0 0 0 0 0 0
42011619680520373X 0 0 0 0 0 0 0 0 0 0 0
420102197102213751 0 0 0 0 0 0 0 0 0 0 0
420105196604143612 0 0 0 0 0 0 0 0 0 0 0
420102196912180811 0 0 0 0 0 0 0 0 0 0 0
420116199101077310 0 0 0 0 0 0 0 0 0 0 0
420116198604105219 0 0 0 0 0 0 0 0 0 0 1
420107196601310510 0 0 0 0 0 0 0 0 0 0 0
420106196910295637 0 0 0 0 0 0 0 0 0 0 0
420121197102204811 0 0 0 0 0 0 0 0 0 0 0
420106195711110033 0 0 0 0 0 0 0 0 0 0 0
420116198312055213 0 0 0 0 0 0 0 0 0 1 0
420116198905084511 0 0 0 0 0 0 0 0 0 0 0
420123720911335 0 0 0 0 0 0 0 0 0 0 0
420102198211252033 0 0 0 0 0 0 0 0 0 0 1
420104197003250074 0 0 0 0 0 0 0 0 0 0 0
230523199104184023 0 0 0 0 0 0 0 1 0 0 0
420106198710094813 0 0 0 0 0 0 0 0 0 1 0
420122197506200012 0 0 0 0 0 0 0 0 0 0 1
420103197504012414 0 0 0 0 0 0 0 0 0 0 1
420625199301151531 0 0 0 0 0 0 0 0 1 0 1
420106196608192813 0 0 0 0 0 0 0 0 0 0 1
420117199708131279 0 0 0 0 0 0 0 0 0 1 1
42011619930715203X 0 0 0 1 0 0 0 0 0 0 0
420117199104010193 0 0 0 0 0 0 0 0 0 0 0
420101197110280018 0 0 0 0 0 0 0 0 0 0 0
420106197804071212 0 0 0 0 0 0 0 0 0 0 0
420101199303057030 0 0 0 0 0 0 0 0 0 0 0
331003198405301315 0 0 0 0 0 0 0 0 0 1 0
420106196906300819 0 0 0 0 0 0 0 1 1 0 0
420881196808104011 0 0 0 0 0 0 0 0 0 1 0
420104199007111214 0 0 0 0 0 0 0 0 0 0 0
420106196611151238 0 0 0 0 0 0 0 0 0 0 0
340403197212040612 0 0 0 0 0 0 0 0 0 0 0
420106196104145212 0 0 0 0 0 0 0 0 0 0 0
450203197810181022 0 0 0 0 0 0 0 0 0 0 0
420111198904252315 0 1 0 1 0 0 0 0 0 0 0
422322198006286136 0 0 0 0 0 0 0 0 0 0 0
420103199102072413 0 0 0 0 0 0 0 0 0 0 1
420123196702054130 0 0 0 0 0 0 0 0 0 0 0
420103197103084425 0 0 0 0 0 0 0 0 0 0 0
420106198411140031 0 0 0 0 0 0 0 0 0 0 1
420117199803014716 0 0 0 0 0 0 0 0 1 0 0
429004198706010592 0 0 0 1 0 1 0 1 0 0 0
420621199202151135 0 0 0 1 0 0 0 0 0 0 1
420102197106150313 0 0 0 0 0 0 0 0 0 0 0
422322196310074059 0 0 0 0 0 0 0 0 0 0 0
420703199008082474 0 0 0 0 0 0 0 0 0 0 0
420107196705250516 0 0 0 1 0 0 0 0 1 0 1
420102198106214019 0 0 0 0 0 0 0 0 0 0 0
420116199205102728 0 0 0 0 0 0 0 0 0 0 0
42010719811231291X 0 0 0 0 0 0 0 0 0 0 0
420102196412311715 0 0 0 1 0 0 0 0 0 1 0
42011219730701031X 0 1 0 1 0 0 0 0 1 0 0
420106198202091210 0 0 0 0 0 0 0 0 0 0 1
42011219631205331X 0 0 0 0 0 0 0 0 0 0 0
420124197903276339 0 0 0 0 0 0 0 0 0 0 0
420105197710210027 0 0 0 0 0 0 0 0 1 0 0
420107197108152015 0 0 0 0 0 0 0 0 0 0 1
420105197812234214 0 0 0 0 0 0 0 0 0 0 0
420104198202143612 0 0 0 0 0 0 0 0 1 1 1
420105196405220435 0 0 0 0 0 0 0 0 0 0 0
420107196912021038 0 0 0 0 0 0 0 0 0 0 0
420881198607141413 0 0 1 1 0 0 1 1 0 0 0
420102197301271022 0 0 0 0 0 0 0 1 0 0 1
420117199111110133 0 0 0 0 0 0 0 0 0 0 1
420105198807124218 0 0 0 0 0 0 0 0 0 0 0
420107199508191514 0 0 0 1 0 0 0 0 0 0 0
420103198911142413 0 0 0 0 0 0 0 0 1 0 1
420107196909271511 0 0 0 0 0 0 0 0 0 0 0
42010519690927201X 0 0 0 0 0 0 0 0 0 0 0
420106196908080039 0 0 0 0 0 0 0 0 0 0 0
420103198702220411 0 0 0 0 0 0 0 0 0 1 0
420123198202186910 0 0 0 0 0 0 0 0 0 0 1
420114197910170513 0 0 0 0 0 0 0 1 0 0 0
420607199309100023 0 0 0 0 0 0 0 0 0 0 0
420102199106162815 0 0 0 0 0 0 0 0 0 0 1
420107196208311023 0 0 0 0 0 0 0 0 0 0 0
420102198401100313 0 0 0 0 0 0 0 0 0 0 0
420106197006083278 0 0 0 0 0 0 0 0 0 0 0
420114197805251717 0 0 0 0 0 0 0 0 0 0 0
420102198301102418 0 0 0 0 0 0 0 0 0 0 1
420107195811132113 0 0 0 0 0 0 0 0 0 0 0
420106196812112454 0 0 0 0 0 0 0 0 0 0 0
420984198812087553 0 0 0 1 0 0 0 0 0 0 0
420121195806074833 0 0 0 0 0 0 0 0 0 0 0
420107196811090595 0 0 0 0 0 0 0 0 0 0 0
420621199306118014 0 0 0 1 0 0 0 0 0 0 1
420102196303272438 0 0 0 0 0 0 0 0 0 0 0
420111197605124036 0 0 0 0 0 0 0 0 0 0 0
41152319971104094X 0 0 0 1 0 0 1 1 1 1 1
42010619651018003X 0 0 0 0 0 0 0 0 1 0 1
420116198608094115 0 0 0 0 0 0 0 0 0 0 0
420111199311133139 0 0 0 0 0 0 0 0 0 0 0
42011619940409621X 0 0 0 0 0 0 0 0 0 0 0
420101198712147016 0 0 0 0 0 0 0 0 0 0 1
420103197211232413 0 0 0 0 0 0 0 0 0 0 1
420106196810253691 0 0 0 0 0 0 0 0 0 0 0
420106195903242815 0 0 0 0 0 0 0 0 0 0 1
420124198002037538 0 0 0 0 0 0 0 0 0 0 1
420105197411022018 0 0 0 0 0 0 0 0 0 0 1
429004198107222358 0 0 0 0 0 0 0 0 0 0 1
420124197911020819 0 0 0 0 0 0 0 0 0 0 0
420107196907013324 0 0 0 0 0 0 0 0 0 0 0
513431199701313457 0 0 1 1 0 0 0 0 0 0 0
420104196711094012 0 0 0 0 0 0 0 0 0 0 0
420114198911030533 0 0 0 0 0 0 0 0 0 1 0
420105196710271212 0 0 0 0 0 0 0 0 0 0 0
421083196802141655 0 0 0 0 0 0 0 0 0 0 1
420123196812151732 0 0 0 0 0 0 0 0 0 0 0
420116198505063746 0 0 0 0 0 0 0 0 0 0 0
513435197911063691 0 0 0 0 0 0 0 0 0 0 0
420102196410071017 0 0 0 0 0 0 0 0 0 0 0
420103198507043210 0 0 0 0 0 0 0 0 1 0 0
420123198203122089 0 0 0 1 0 0 0 0 1 0 0
420122198201130919 0 0 0 1 0 0 0 0 0 0 1
42012119770419151X 0 0 0 0 0 0 0 0 0 0 1
421381199310126413 0 0 0 1 0 0 0 0 0 0 0
420107197502012539 0 0 0 0 0 0 0 0 0 0 0
420111198509021816 0 0 0 0 0 0 0 0 0 0 0
420102197201311429 0 0 0 0 0 0 0 0 0 0 0
420100196603151731 0 0 0 0 0 0 0 0 0 0 1
422228197901119017 0 0 0 0 0 0 0 0 0 0 0
420116198208071731 0 0 0 0 0 0 0 0 0 0 0
420111198703102337 0 0 0 0 0 0 0 0 0 0 0
420102197007240014 0 0 0 0 0 0 0 0 0 0 0
420984199205172056 0 0 0 1 0 0 0 0 1 0 0
420121196907093915 0 0 0 0 0 0 0 0 0 0 0
420102196308131773 0 0 0 0 0 0 0 0 0 0 1
420102199003094012 0 0 0 0 0 0 0 0 1 0 0
42010519740405082X 0 0 0 0 0 0 0 0 0 0 1
420102196511211453 0 0 0 0 0 0 0 0 0 0 1
420124197910287538 0 0 0 0 0 0 0 0 0 0 1
420102631018067 0 0 0 0 0 0 0 0 0 0 0
420112197608272719 0 0 0 0 0 0 0 0 0 0 1
420116199012256915 0 0 0 0 0 0 0 0 0 0 0
420104196505173617 0 0 0 0 0 0 0 0 0 0 0
422324198209246831 0 0 0 0 0 0 0 0 0 0 0
420103197002012852 0 0 0 0 0 0 0 0 0 0 0
42011319830821151X 0 0 0 0 0 0 0 0 0 0 0
420115198804021611 0 0 0 0 0 0 1 1 1 0 0
420107197010040533 0 0 0 0 0 0 0 0 0 0 0
420103195611060826 0 0 0 0 0 0 0 0 0 0 1
420107198109202031 0 0 0 0 0 0 0 0 0 0 0
420984197310083064 0 0 0 0 0 0 0 0 0 0 0
420104196001310016 0 0 0 0 0 0 0 0 0 0 1
420117199006087920 0 0 0 1 0 0 0 0 1 0 0
420101198409017032 0 0 0 0 0 0 0 0 0 0 1
420102196207123723 0 1 0 1 0 0 0 0 0 0 0
320582198108041756 0 0 0 0 0 0 0 0 0 0 0
420117198603297956 0 0 0 0 0 0 0 0 0 0 0
420104196210301677 0 0 0 0 0 0 0 0 0 0 1
420117198909195530 0 0 0 0 0 0 0 0 0 0 1
420624199302083650 0 0 0 0 0 0 0 0 0 0 1
420101199006078011 0 0 0 1 0 0 0 0 0 0 0
420106198703142012 0 0 0 0 0 0 0 0 0 0 0
420111197011244057 0 0 0 0 0 0 0 0 0 0 1
42242619710525163X 0 0 0 0 0 0 0 0 0 0 0
420102198806183137 0 0 0 0 0 0 0 0 0 0 1
420102199512292412 0 0 0 0 0 0 0 1 0 0 1
420114197110301730 0 0 0 0 0 0 0 0 1 0 1
421083199109181687 0 0 0 0 0 0 0 0 0 0 1
420106196307141633 0 0 0 0 0 0 0 0 0 0 0
420112198609072414 0 0 0 0 0 0 0 0 0 0 0
420104197808233036 0 0 0 0 0 0 0 0 0 0 0
420116198707016251 0 0 0 1 0 0 0 0 0 0 1
420103198609134914 0 0 0 0 0 0 0 0 0 0 0
420111196604133112 0 0 0 0 0 0 0 0 0 0 1
420106197611082417 0 0 0 0 0 0 0 0 0 0 0
420124197305080010 0 0 0 0 0 0 0 0 0 0 0
42011419890304541X 0 0 0 0 0 0 0 0 1 0 0
420103196905180430 0 0 0 0 0 0 0 0 0 0 0
420983197308023234 0 0 0 0 0 0 0 0 0 0 0
420117198701196753 0 1 0 1 0 0 0 0 0 0 1
420122197205151632 0 0 0 0 0 0 0 0 0 0 0
420103198212153236 0 0 0 1 0 0 0 0 1 0 0
420111198107273113 0 0 0 0 0 0 0 0 1 0 1
420116197103277317 0 0 0 0 0 0 0 0 0 0 0
420123196707067627 0 0 0 0 0 0 0 0 0 0 1
420104198602040014 0 0 0 0 0 0 0 0 0 0 0
420102198605094015 0 0 0 0 1 0 0 1 0 0 0
420107198303031512 0 0 0 0 0 0 0 0 0 0 0
421083199110105366 0 0 0 1 0 0 0 0 0 0 1
420122198102070033 0 0 0 0 0 0 0 0 1 0 1
420104196307223652 0 0 0 0 0 0 0 0 0 0 0
420111197010155706 0 0 0 0 0 0 0 0 1 0 0
420105196707222014 0 0 0 0 0 0 0 0 0 0 1
420103197103151229 0 0 0 0 0 0 0 0 0 0 1
420123197703214575 0 0 0 0 0 0 0 0 0 0 0
420102197603154024 0 0 0 1 0 0 0 0 0 0 0
420105197709063218 0 0 0 1 0 0 0 0 0 0 0
420124197109297570 0 0 0 0 0 0 0 0 0 0 0
420103195509111615 0 0 0 0 0 0 0 0 0 0 0
420115198704103230 0 0 0 0 0 0 0 0 0 0 0
420107198901221017 0 0 0 0 0 0 0 0 0 0 1
420111196212184025 0 0 0 0 0 0 0 0 0 0 0
420281198810010053 0 0 0 0 0 0 0 0 0 0 0
420104196412103724 0 0 0 0 0 0 0 0 0 0 0
420102198411131738 0 0 0 0 0 0 0 0 0 0 1
420102198710050612 0 0 0 0 0 0 0 0 0 0 1
420102198204051743 0 0 0 0 0 0 0 0 0 0 0
420102196811212837 0 0 0 0 0 0 0 0 0 0 0
420103197708073737 0 0 0 0 0 0 0 0 0 0 1
42011619861114665X 0 0 0 0 0 0 0 0 0 0 0
420115198402151317 0 0 0 0 0 0 0 0 0 0 0
420104197611181236 0 0 0 0 0 0 0 0 0 0 0
420112198903273014 0 0 0 0 0 0 0 0 0 0 0
420103197612254912 0 0 0 0 0 0 0 0 0 0 0
420106198403168413 0 0 0 0 0 0 0 0 0 0 1
420122198105201334 0 0 0 1 0 0 0 0 0 0 0
420102197106061417 0 0 0 0 0 0 0 0 0 0 0
420105197611230823 0 0 0 0 0 0 0 0 0 0 0
